n log n: (2,1.386294),(4,5.545177),(8,16),(16,44.361420),(32,110.903549),(64,266.168517),(128,621.059874),(256,1419.565426),(512,3194.022208),(1024,7097.827129),(2048,15615.219684),(4096,34069.570219),(8192,73817.402141),(16384,158991.327688),(32768,340695.702189),
n^2: (2,4),(4,16),(8,64),(16,256),(32,1024),(64,4096),(128,16384),(256,65536),(512,262144),(1024,1048576),(2048,4194304),(4096,16777216),(8192,67108864),(16384,268435456),(32768,1073741824),
Caso de prueba con aleatorios.txt. N=32768, N_repetidos=0, N_desordenados=0
radixsort: (2,0),(4,0),(8,0),(16,0),(32,0),(64,996),(128,0),(256,0),(512,0),(1024,996),(2048,1996),(4096,3989),(8192,8976),(16384,14956),(32768,19947),
quicksort: (2,0),(4,0),(8,0),(16,0),(32,0),(64,0),(128,0),(256,998),(512,0),(1024,999),(2048,4989),(4096,12964),(8192,65823),(16384,152592),(32768,454811),
mergesort: (2,0),(4,0),(8,0),(16,0),(32,0),(64,0),(128,0),(256,0),(512,996),(1024,1993),(2048,3986),(4096,15958),(8192,49375),(16384,155019),(32768,892651),

Caso de prueba con casiOrdenado.txt. N=32768, N_repetidos=0, N_desordenados=3276
radixsort: (2,0),(4,0),(8,0),(16,0),(32,0),(64,0),(128,994),(256,997),(512,0),(1024,1000),(2048,1994),(4096,1995),(8192,3986),(16384,14958),(32768,22940),
quicksort: (2,0),(4,0),(8,997),(16,0),(32,0),(64,0),(128,0),(256,516),(512,997),(1024,1993),(2048,3989),(4096,8976),(8192,40890),(16384,136635),(32768,537563),
mergesort: (2,0),(4,0),(8,0),(16,0),(32,0),(64,0),(128,0),(256,0),(512,0),(1024,1995),(2048,4507),(4096,15957),(8192,43885),(16384,213430),(32768,996232),

Caso de prueba con casiOrdenado.txt. N=32768, N_repetidos=0, N_desordenados=6553
radixsort: (2,0),(4,0),(8,0),(16,0),(32,0),(64,0),(128,0),(256,0),(512,0),(1024,999),(2048,1994),(4096,2993),(8192,5982),(16384,17952),(32768,24442),
quicksort: (2,0),(4,0),(8,0),(16,0),(32,0),(64,0),(128,0),(256,0),(512,997),(1024,997),(2048,2992),(4096,11969),(8192,36901),(16384,112697),(32768,619041),
mergesort: (2,0),(4,0),(8,0),(16,0),(32,0),(64,0),(128,0),(256,0),(512,0),(1024,1995),(2048,4988),(4096,15957),(8192,46874),(16384,167581),(32768,833772),

Caso de prueba con casiOrdenado.txt. N=32768, N_repetidos=0, N_desordenados=16384
radixsort: (2,0),(4,0),(8,0),(16,0),(32,0),(64,0),(128,0),(256,0),(512,0),(1024,5015),(2048,1995),(4096,1995),(8192,7979),(16384,11970),(32768,21453),
quicksort: (2,0),(4,0),(8,0),(16,0),(32,0),(64,0),(128,0),(256,999),(512,997),(1024,3989),(2048,4020),(4096,12381),(8192,32911),(16384,138627),(32768,507643),
mergesort: (2,0),(4,0),(8,0),(16,0),(32,996),(64,0),(128,996),(256,0),(512,997),(1024,2992),(2048,4987),(4096,19947),(8192,43939),(16384,173866),(32768,924763),

Caso de prueba con datosRepetidos.txt. N=32768, N_repetidos=3276, N_desordenados=0
radixsort: (2,0),(4,0),(8,997),(16,0),(32,0),(64,0),(128,0),(256,0),(512,0),(1024,998),(2048,1993),(4096,1991),(8192,12965),(16384,18950),(32768,26927),
quicksort: (2,0),(4,0),(8,0),(16,0),(32,0),(64,0),(128,0),(256,0),(512,997),(1024,1994),(2048,4987),(4096,10971),(8192,105232),(16384,163564),(32768,555531),
mergesort: (2,0),(4,0),(8,0),(16,0),(32,0),(64,0),(128,997),(256,0),(512,997),(1024,1994),(2048,5984),(4096,12966),(8192,99732),(16384,160569),(32768,791631),

Caso de prueba con datosRepetidos.txt. N=32768, N_repetidos=6553, N_desordenados=0
radixsort: (2,0),(4,0),(8,0),(16,0),(32,0),(64,0),(128,0),(256,0),(512,0),(1024,997),(2048,1994),(4096,1995),(8192,7978),(16384,11969),(32768,24934),
quicksort: (2,0),(4,0),(8,0),(16,0),(32,0),(64,0),(128,0),(256,997),(512,996),(1024,1995),(2048,3990),(4096,11967),(8192,53856),(16384,156102),(32768,506189),
mergesort: (2,0),(4,0),(8,0),(16,0),(32,0),(64,0),(128,0),(256,0),(512,997),(1024,997),(2048,2992),(4096,11968),(8192,54188),(16384,157485),(32768,787875),

Caso de prueba con datosRepetidos.txt. N=32768, N_repetidos=16384, N_desordenados=0
radixsort: (2,0),(4,0),(8,0),(16,0),(32,968),(64,0),(128,0),(256,996),(512,0),(1024,998),(2048,998),(4096,1994),(8192,9974),(16384,9973),(32768,25930),
quicksort: (2,0),(4,0),(8,0),(16,0),(32,0),(64,0),(128,0),(256,0),(512,999),(1024,1995),(2048,3988),(4096,12966),(8192,41395),(16384,141937),(32768,548039),
mergesort: (2,0),(4,0),(8,0),(16,0),(32,0),(64,997),(128,0),(256,0),(512,0),(1024,1995),(2048,2992),(4096,12965),(8192,45878),(16384,157578),(32768,795289),

Caso de prueba con inversamenteOrdenados.txt. N=32768, N_repetidos=0, N_desordenados=0
radixsort: (2,0),(4,0),(8,0),(16,0),(32,0),(64,0),(128,0),(256,0),(512,0),(1024,997),(2048,998),(4096,2992),(8192,4983),(16384,16954),(32768,21941),
quicksort: (2,0),(4,0),(8,0),(16,0),(32,0),(64,0),(128,0),(256,0),(512,998),(1024,998),(2048,2991),(4096,8974),(8192,28924),(16384,125665),(32768,456016),
mergesort: (2,0),(4,0),(8,0),(16,0),(32,0),(64,0),(128,998),(256,0),(512,998),(1024,1995),(2048,2990),(4096,11968),(8192,42885),(16384,151594),(32768,843744),

