352 352 70 5 202
0 313 1 0.5 0.5
1 314 1 0.5 0.5
2 315 1 0.5 0.5
3 316 1 0.5 0.5
4 317 1 0.5 0.5
5 318 1 0.5 0.5
6 319 1 0.5 0.5
7 320 1 0.5 0.5
8 321 1 0.5 0.5
9 322 1 0.5 0.5
10 323 1 0.5 0.5
11 324 1 0.5 0.5
12 325 1 0.5 0.5
13 326 1 0.5 0.5
14 327 1 0.5 0.5
15 328 1 0.5 0.5
16 329 1 0.5 0.5
17 330 1 0.5 0.5
18 331 1 0.5 0.5
19 332 1 0.5 0.5
20 333 1 0.5 0.5
21 334 1 0.5 0.5
22 335 1 0.5 0.5
23 336 1 0.5 0.5
24 337 1 0.5 0.5
25 338 1 0.5 0.5
26 339 1 0.5 0.5
27 340 1 0.5 0.5
28 341 1 0.5 0.5
29 342 1 0.5 0.5
30 343 1 0.5 0.5
31 344 1 0.5 0.5
32 345 1 0.5 0.5
33 346 1 0.5 0.5
34 347 1 0.5 0.5
35 348 1 0.5 0.5
36 349 1 0.5 0.5
37 350 1 0.5 0.5
38 351 1 0.5 0.5
39 0 1 0.5 0.5
40 1 1 0.5 0.5
41 2 1 0.5 0.5
42 3 1 0.5 0.5
43 4 1 0.5 0.5
44 5 1 0.5 0.5
45 6 1 0.5 0.5
46 7 1 0.5 0.5
47 8 1 0.5 0.5
48 9 1 0.5 0.5
49 10 1 0.5 0.5
50 11 1 0.5 0.5
51 12 1 0.5 0.5
52 13 1 0.5 0.5
53 14 1 0.5 0.5
54 15 1 0.5 0.5
55 16 1 0.5 0.5
56 17 1 0.5 0.5
57 18 1 0.5 0.5
58 19 1 0.5 0.5
59 20 1 0.5 0.5
60 21 1 0.5 0.5
61 22 1 0.5 0.5
62 23 1 0.5 0.5
63 24 1 0.5 0.5
64 25 1 0.5 0.5
65 26 1 0.5 0.5
66 27 1 0.5 0.5
67 28 1 0.5 0.5
68 29 1 0.5 0.5
69 30 1 0.5 0.5
70 31 1 0 0.5
71 32 1 0.5 0.5
72 33 1 0.5 0.5
73 34 1 0.5 0.5
74 35 1 0.5 0.5
75 36 1 0.5 0.5
76 37 1 0.5 0.5
77 38 1 0.5 0.5
78 39 1 0.5 0.5
79 40 1 0.5 0.5
80 41 1 0.5 0.5
81 42 1 0.5 0.5
82 43 1 0.5 0.5
83 44 1 0.5 0.5
84 45 1 0.5 0.5
85 46 1 0.5 0.5
86 47 1 0.5 0.5
87 48 1 0.5 0.5
88 49 1 0.5 0.5
89 50 1 0.5 0.5
90 51 1 0.5 0.5
91 52 1 0.5 0.5
92 53 1 0.5 0.5
93 54 1 0.5 0.5
94 55 1 0.5 0.5
95 56 1 0.5 0.5
96 57 1 0.5 0.5
97 58 1 0.5 0.5
98 59 1 0.5 0.5
99 60 1 0.5 0.5
100 61 1 0.5 0.5
101 62 1 0.5 0.5
102 63 1 0.5 0.5
103 64 1 0.5 0.5
104 65 1 0.5 0.5
105 66 1 0.5 0.5
106 67 1 0.5 0.5
107 68 1 0.5 0.5
108 69 1 0.5 0.5
109 70 1 0.5 0
110 71 1 0.5 0.5
111 72 1 0.5 0.5
112 73 1 0.5 0.5
113 74 1 0.5 0.5
114 75 1 0.5 0.5
115 76 1 0.5 0.5
116 77 1 0.5 0.5
117 78 1 0.5 0.5
118 79 1 0.5 0.5
119 80 1 0.5 0.5
120 81 1 0.5 0.5
121 82 1 0.5 0.5
122 83 1 0.5 0.5
123 84 1 0.5 0.5
124 85 1 0.5 0.5
125 86 1 0.5 0.5
126 87 1 0.5 0.5
127 88 1 0.5 0.5
128 89 1 0.5 0.5
129 90 1 0.5 0.5
130 91 1 0.5 0.5
131 92 1 0.5 0.5
132 93 1 0.5 0.5
133 94 1 0.5 0.5
134 95 1 0.5 0.5
135 96 1 0.5 0.5
136 97 1 0.5 0.5
137 98 1 0.5 0.5
138 99 1 0.5 0.5
139 100 1 0.5 0.5
140 101 1 0.5 0.5
141 102 1 0.5 0.5
142 103 1 0.5 0.5
143 104 1 0.5 0.5
144 105 1 0.5 0.5
145 106 1 0.5 0.5
146 107 1 0.5 0.5
147 108 1 0.5 0.5
148 109 1 0.5 0.5
149 110 1 0.5 0.5
150 111 1 0.5 0.5
151 112 1 0.5 0.5
152 113 1 0.5 0.5
153 114 1 0.5 0.5
154 115 1 0.5 0.5
155 116 1 0.5 0.5
156 117 1 0.5 0.5
157 118 1 0.5 0.5
158 119 1 0.5 0.5
159 120 1 0.5 0.5
160 121 1 0.5 0.5
161 122 1 0.5 0.5
162 123 1 0.5 0.5
163 124 1 0.5 0.5
164 125 1 0.5 0.5
165 126 1 0.5 0.5
166 127 1 0.5 0.5
167 128 1 0.5 0.5
168 129 1 0.5 0.5
169 130 1 0.5 0.5
170 131 1 0.5 0.5
171 132 1 0.5 0.5
172 133 1 0.5 0.5
173 134 1 0.5 0.5
174 135 1 0.5 0.5
175 136 1 0.5 0.5
176 137 1 0.5 0.5
177 138 1 0.5 0.5
178 139 1 0.5 0.5
179 140 1 0.5 0.5
180 141 1 0.5 0.5
181 142 1 0.5 0.5
182 143 1 0.5 0.5
183 144 1 0.5 0.5
184 145 1 0.5 0.5
185 146 1 0.5 0.5
186 147 1 0.5 0.5
187 148 1 0.5 0.5
188 149 1 0.5 0.5
189 150 1 0.5 0.5
190 151 1 0.5 0.5
191 152 1 0.5 0.5
192 153 1 0.5 0.5
193 154 1 0.5 0.5
194 155 1 0.5 0.5
195 156 1 0.5 0.5
196 157 1 0.5 0.5
197 158 1 0.5 0.5
198 159 1 0.5 0.5
199 160 1 0.5 0.5
200 161 1 0.5 0.5
201 162 1 0.5 0.5
202 163 1 0.5 0.5
203 164 1 0.5 0.5
204 165 1 0.5 0.5
205 166 1 0.5 0.5
206 167 1 0.5 0.5
207 168 1 0.5 0.5
208 169 1 0.5 0.5
209 170 1 0.5 0.5
210 171 1 0.5 0.5
211 172 1 0.5 0.5
212 173 1 0.5 0.5
213 174 1 0.5 0.5
214 175 1 0.5 0.5
215 176 1 0.5 0.5
216 177 1 0.5 0.5
217 178 1 0.5 0.5
218 179 1 0.5 0.5
219 180 1 0.5 0.5
220 181 1 0.5 0.5
221 182 1 0.5 0.5
222 183 1 0.5 0.5
223 184 1 0.5 0.5
224 185 1 0.5 0.5
225 186 1 0.5 0.5
226 187 1 0.5 0.5
227 188 1 0.5 0.5
228 189 1 0.5 0.5
229 190 1 0.5 0.5
230 191 1 0.5 0.5
231 192 1 0.5 0.5
232 193 1 0.5 0.5
233 194 1 0.5 0.5
234 195 1 0.5 0.5
235 196 1 0.5 0.5
236 197 1 0.5 0.5
237 198 1 0.5 0.5
238 199 1 0.5 0.5
239 200 1 0.5 0.5
240 201 1 0.5 0.5
241 202 1 0.5 0.5
242 203 1 0.5 0.5
243 204 1 0.5 0.5
244 205 1 0.5 0.5
245 206 1 0.5 0.5
246 207 1 0.5 0.5
247 208 1 0.5 0.5
248 209 1 0.5 0.5
249 210 1 0.5 0.5
250 211 1 0.5 0.5
251 212 1 0.5 0.5
252 213 1 0.5 0.5
253 214 1 0.5 0.5
254 215 1 0.5 0.5
255 216 1 0.5 0.5
256 217 1 0.5 0.5
257 218 1 0.5 0.5
258 219 1 0.5 0.5
259 220 1 0.5 0.5
260 221 1 0.5 0.5
261 222 1 0.5 0.5
262 223 1 0.5 0.5
263 224 1 0.5 0.5
264 225 1 0.5 0.5
265 226 1 0.5 0.5
266 227 1 0.5 0.5
267 228 1 0.5 0.5
268 229 1 0.5 0.5
269 230 1 0.5 0.5
270 231 1 0.5 0.5
271 232 1 0.5 0.5
272 233 1 0.5 0.5
273 234 1 0.5 0.5
274 235 1 0.5 0.5
275 236 1 0.5 0.5
276 237 1 0.5 0.5
277 238 1 0.5 0.5
278 239 1 0.5 0.5
279 240 1 0.5 0.5
280 241 1 0.5 0.5
281 242 1 0.5 0.5
282 243 1 0.5 0.5
283 244 1 0.5 0.5
284 245 1 0.5 0.5
285 246 1 0.5 0.5
286 247 1 0.5 0.5
287 248 1 0.5 0.5
288 249 1 0.5 0.5
289 250 1 0.5 0.5
290 251 1 0.5 0.5
291 252 1 0.5 0.5
292 253 1 0.5 0.5
293 254 1 0.5 0.5
294 255 1 0.5 0.5
295 256 1 0.5 0.5
296 257 1 0.5 0.5
297 258 1 0.5 0.5
298 259 1 0.5 0.5
299 260 1 0.5 0.5
300 261 1 0.5 0.5
301 262 1 0.5 0.5
302 263 1 0.5 0.5
303 264 1 0.5 0.5
304 265 1 0.5 0.5
305 266 1 0.5 0.5
306 267 1 0.5 0.5
307 268 1 0.5 0.5
308 269 1 0.5 0.5
309 270 1 0.5 0.5
310 271 1 0.5 0.5
311 272 1 0.5 0.5
312 273 1 0.5 0.5
313 274 1 0.5 0.5
314 275 1 0.5 0.5
315 276 1 0.5 0.5
316 277 1 0.5 0.5
317 278 1 0.5 0.5
318 279 1 0.5 0.5
319 280 1 0.5 0.5
320 281 1 0.5 0.5
321 282 1 0.5 0.5
322 283 1 0.5 0.5
323 284 1 0.5 0.5
324 285 1 0.5 0.5
325 286 1 0.5 0.5
326 287 1 0.5 0.5
327 288 1 0.5 0.5
328 289 1 0.5 0.5
329 290 1 0.5 0.5
330 291 1 0.5 0.5
331 292 1 0.5 0.5
332 293 1 0.5 0.5
333 294 1 0.5 0.5
334 295 1 0.5 0.5
335 296 1 0.5 0.5
336 297 1 0.5 0.5
337 298 1 0.5 0.5
338 299 1 0.5 0.5
339 300 1 0.5 0.5
340 301 1 0.5 0.5
341 302 1 0.5 0.5
342 303 1 0.5 0.5
343 304 1 0.5 0.5
344 305 1 0.5 0.5
345 306 1 0.5 0.5
346 307 1 0.5 0.5
347 308 1 0.5 0.5
348 309 1 0.5 0.5
349 310 1 0.5 0.5
350 311 1 0.5 0.5
351 312 1 0.5 0.5
