2 3 4 5 6 7 8 9 10 11 12 13 14 15 16 17 18 19 20 * 22 23 24 25 26 27 28 29 30 31 32 33 34 35 36 37 38 39 * 41 42 43 44 * * 47 48 49 50 51 52 53 54 55 1 
19 20 21 22 23 24 25 26 27 28 29 30 31 32 33 34 35 36 37 38 39 40 41 42 43 44 45 46 * 48 49 50 51 52 53 54 55 1 2 3 4 * 6 7 8 9 10 11 12 13 14 15 16 17 18 
38 39 40 41 42 43 * 45 46 47 48 49 * * 52 53 54 55 1 2 * 4 5 6 7 8 9 10 11 * 13 14 15 16 17 18 19 * 21 22 23 24 25 26 27 28 29 30 31 32 33 34 * 36 37 
46 47 48 * 50 * 52 53 54 * 1 2 3 4 * 6 7 8 9 10 11 12 13 14 15 * 17 18 19 20 21 22 23 24 25 26 * 28 29 * 31 32 33 * 35 36 37 38 39 40 41 42 43 44 45 
8 9 10 11 12 13 14 15 16 17 18 * 20 21 22 23 * 25 26 27 28 29 30 31 32 33 34 35 36 37 38 39 40 41 42 43 44 45 46 47 48 49 50 51 52 * * * 1 2 3 4 5 * 7 
33 34 35 36 37 38 39 * 41 42 43 44 45 46 47 48 49 50 51 52 53 54 55 1 2 3 4 5 * 7 8 9 10 11 12 13 14 15 16 17 * 19 20 * 22 23 24 25 26 27 28 29 30 31 32 
47 48 49 50 51 52 53 54 55 1 2 3 4 5 6 7 8 9 10 11 12 * 14 15 16 17 18 19 * 21 22 23 24 25 26 27 28 29 30 31 32 33 34 35 36 37 38 39 40 41 42 * 44 45 46 
52 53 54 * 1 2 3 * 5 * 7 8 * * 11 12 13 14 15 16 17 18 19 20 21 22 23 24 * 26 27 28 29 30 31 32 33 34 35 36 37 38 39 40 41 42 43 44 45 46 47 48 * 50 51 
31 32 33 34 35 36 37 38 39 40 41 42 43 44 45 46 * 48 49 50 51 52 53 54 55 1 2 3 4 * 6 * * 9 10 11 12 13 14 * 16 17 18 19 20 21 22 23 24 25 26 27 28 * 30 
44 45 46 47 48 49 50 51 52 53 54 55 1 2 3 * 5 6 * 8 9 10 * * 13 * 15 16 17 18 19 20 21 22 23 24 25 26 27 28 29 30 31 32 33 34 35 36 * 38 39 * * 42 43 
* 21 22 23 24 * 26 27 28 29 30 31 * 33 34 35 * 37 * * 40 41 42 43 44 45 46 47 48 49 * 51 * 53 * 55 1 2 3 4 5 6 7 8 * 10 11 12 13 14 15 16 * 18 19 
26 27 28 29 30 31 32 33 34 35 36 * 38 39 40 41 42 43 44 45 46 47 48 * * 51 52 53 54 55 1 * 3 4 5 * 7 8 * 10 11 * 13 14 15 16 17 18 19 20 21 22 23 24 25 
4 5 6 7 * 9 10 11 12 13 14 15 16 17 18 * 20 * 22 23 24 * 26 27 * 29 30 * 32 33 34 35 * 37 38 39 * 41 42 43 44 45 46 47 48 * 50 51 52 53 54 55 1 2 3 
54 55 * 2 3 4 * 6 7 * 9 10 11 12 13 14 15 16 17 18 19 20 21 22 23 24 * 26 27 28 * 30 31 32 33 34 35 36 37 38 39 40 41 42 43 44 45 46 47 48 * 50 51 52 53 
7 8 9 10 11 12 13 * 15 16 17 18 19 20 21 22 23 24 25 26 27 28 29 30 31 32 33 34 35 36 37 38 39 40 41 42 43 44 45 * 47 48 49 50 51 52 53 54 55 * 2 * 4 5 6 
21 22 23 24 25 * 27 28 29 30 31 32 33 34 35 36 37 * 39 40 41 42 43 44 45 * 47 48 49 50 51 52 53 54 55 1 2 3 4 5 6 7 8 9 10 11 12 13 14 15 * 17 18 19 20 
23 24 25 26 27 28 29 30 31 32 * 34 35 36 37 * * * 41 42 43 44 45 46 47 48 49 50 * 52 53 54 55 1 2 * 4 5 * 7 8 9 10 11 12 13 14 15 16 17 18 19 20 21 22 
41 42 43 44 45 46 * 48 49 * 51 52 53 54 55 1 2 3 4 5 6 7 8 9 * 11 12 13 * * 16 17 18 19 20 21 22 23 24 25 26 27 28 29 * 31 32 33 34 35 36 37 38 39 40 
16 * 18 19 20 21 22 23 24 25 26 27 * 29 30 31 32 33 34 35 36 37 38 39 40 41 42 43 44 45 46 47 48 49 50 51 52 53 54 55 1 2 3 4 5 * 7 8 9 * 11 12 13 14 15 
14 15 16 17 18 19 20 21 22 23 24 25 26 27 28 29 30 * 32 33 34 35 36 37 38 39 40 41 42 43 44 45 46 47 48 * 50 51 52 53 54 55 1 2 * 4 5 6 7 8 9 10 11 12 13 
29 30 31 32 33 34 35 36 37 38 39 40 41 42 43 44 45 46 47 48 49 50 51 52 53 54 55 1 2 3 4 5 6 7 * * 10 11 12 13 14 15 * 17 18 19 20 21 22 * 24 25 26 27 28 
12 13 14 15 16 * 18 19 * 21 22 23 24 25 26 27 28 29 30 31 32 33 34 * 36 * 38 39 40 41 42 43 44 45 46 47 48 49 50 51 52 53 54 55 1 * 3 4 5 6 7 8 * 10 11 
37 38 39 * 41 42 43 44 45 46 47 * 49 * 51 52 53 54 55 1 2 3 4 5 6 7 8 * 10 11 12 13 14 15 16 17 18 19 * * 22 23 24 25 26 27 28 29 30 31 32 33 34 * 36 
10 11 12 13 14 15 16 17 * 19 20 21 22 23 * 25 26 27 28 29 30 31 32 33 34 35 36 37 38 39 40 41 42 43 44 45 46 47 48 49 50 51 52 * 54 55 1 2 3 4 5 6 7 8 * 
48 49 50 51 52 53 54 55 1 2 3 4 5 6 7 8 9 10 11 12 13 14 15 16 * 18 19 20 21 22 * 24 25 26 27 28 29 30 31 32 33 34 35 36 37 38 39 40 41 42 43 44 45 46 47 
15 16 17 18 19 20 21 22 23 24 25 26 27 28 * 30 31 32 33 34 35 * * 38 39 40 41 42 43 44 45 46 47 48 49 50 51 52 53 54 55 1 2 3 4 5 6 7 8 9 10 * 12 13 14 
3 4 5 6 7 8 * 10 * 12 13 * 15 16 17 18 19 20 21 22 23 24 25 26 27 28 29 30 31 32 33 34 35 36 37 38 39 40 * 42 43 44 45 46 47 48 49 50 51 52 53 * 55 1 2 
53 54 55 1 * 3 4 5 6 7 8 9 10 11 12 13 14 15 16 17 18 19 20 21 22 23 24 25 26 * 28 29 30 31 32 33 * 35 36 37 38 39 40 41 42 43 44 45 46 47 48 49 50 51 52 
22 23 24 25 26 27 28 29 30 31 32 33 34 35 36 37 38 39 40 41 42 43 * 45 46 47 48 * 50 51 52 53 54 55 1 2 * 4 * 6 7 8 9 10 * 12 13 14 15 16 17 18 19 20 21 
45 46 47 48 49 50 51 52 53 54 55 * 2 3 4 5 6 * 8 9 10 11 12 13 14 15 16 17 18 19 20 21 22 23 24 25 26 27 28 29 30 31 32 33 34 35 * 37 38 39 * * 42 43 * 
28 29 30 31 32 33 34 35 36 37 * 39 40 41 42 * * 45 46 47 48 49 * 51 52 53 54 55 1 * 3 4 5 6 7 8 9 10 11 12 13 14 15 16 17 18 19 20 21 22 * 24 25 26 27 
39 40 41 42 43 * 45 46 47 48 49 50 51 52 53 54 55 * 2 * 4 5 6 7 8 9 10 11 12 13 14 15 16 17 * 19 20 21 22 23 24 25 26 27 * * 30 31 32 33 34 35 36 37 38 
35 36 37 38 39 40 41 42 43 44 45 46 47 48 49 50 51 52 53 54 55 1 2 3 4 5 6 7 8 * 10 11 12 13 14 15 16 * 18 19 20 21 22 23 24 25 26 27 28 29 30 31 32 33 34 
25 26 27 28 29 30 31 32 33 * 35 36 37 38 * 40 41 42 43 44 45 46 47 48 49 50 51 52 * 54 55 1 2 3 4 5 * 7 8 9 10 11 12 13 14 15 16 17 18 19 20 21 22 23 24 
11 12 13 14 15 * 17 18 19 20 21 22 23 24 25 26 27 28 29 30 31 32 33 34 35 36 37 38 39 40 41 42 43 44 45 46 * 48 49 50 51 52 * 54 55 * 2 3 4 5 6 7 8 9 * 
17 18 19 20 21 22 23 24 25 26 * 28 29 30 31 32 33 34 35 36 37 38 39 40 41 42 43 * 45 46 47 48 49 50 51 52 53 54 55 1 2 3 4 5 6 7 8 9 10 * 12 * 14 15 16 
34 35 36 * * 39 40 41 * 43 44 45 46 47 48 49 50 51 * 53 54 55 1 * 3 4 5 6 7 8 9 10 11 12 13 14 15 16 17 18 19 20 * 22 23 24 25 * 27 28 29 30 31 32 33 
50 51 52 53 * 55 1 2 3 4 * 6 7 8 9 10 11 12 13 14 15 16 17 18 19 20 21 22 23 24 25 26 27 28 29 30 31 * 33 * * 36 37 38 * 40 41 42 43 44 45 * 47 * 49 
51 52 53 54 55 1 2 3 4 5 6 7 8 9 10 11 12 13 14 15 16 17 18 19 20 * 22 23 24 25 * 27 28 29 30 * 32 33 34 35 36 37 38 39 40 41 42 43 44 45 46 47 48 49 50 
36 37 38 39 40 41 42 43 44 45 46 47 48 * 50 51 * 53 54 55 1 2 3 4 5 6 7 8 9 10 11 12 13 14 15 16 17 18 19 20 21 22 23 24 25 26 27 28 29 30 31 32 33 34 35 
13 14 15 * 17 18 19 20 21 22 23 24 25 26 27 28 29 30 31 * 33 34 35 36 37 38 39 40 41 42 43 44 45 46 47 48 49 50 51 52 53 54 55 1 2 3 4 * * 7 8 9 10 11 12 
5 6 7 * 9 10 11 12 13 14 15 16 * 18 * 20 21 * 23 24 25 26 27 28 29 30 31 * 33 34 35 36 37 38 39 40 41 42 43 44 45 46 47 48 * 50 51 52 53 * 55 1 2 3 4 
1 2 * 4 5 * 7 8 9 10 11 12 13 14 15 16 17 18 19 20 21 * 23 24 25 26 27 28 29 30 31 32 33 34 35 36 * 38 39 * 41 * 43 44 45 46 * 48 49 * 51 52 53 54 55 
40 41 42 43 44 * 46 47 48 49 50 51 52 53 54 55 1 2 3 * 5 6 7 * 9 10 11 12 13 14 15 * 17 18 19 * 21 22 23 24 25 26 27 28 29 30 31 32 33 34 35 36 37 38 39 
43 44 45 46 47 48 49 50 51 52 53 54 55 1 2 3 4 5 6 7 8 9 10 * 12 13 14 15 16 17 18 19 20 21 22 23 24 25 26 27 28 * 30 31 32 * * 35 36 37 38 39 40 41 42 
42 43 44 45 46 47 48 49 50 * 52 53 54 * 1 2 3 4 * 6 7 8 9 10 11 12 13 14 15 16 17 18 19 20 21 22 23 24 25 26 27 28 * 30 31 32 33 * 35 36 37 38 39 40 41 
24 * 26 27 * 29 30 31 32 33 34 35 36 37 38 39 40 * 42 43 44 45 46 47 48 49 50 51 52 53 54 55 1 2 3 * 5 6 7 8 9 10 11 12 13 14 15 16 17 18 19 20 21 22 23 
32 33 34 35 36 37 38 39 40 41 * 43 44 45 46 47 * 49 50 51 52 53 54 55 * 2 3 4 5 6 7 8 9 10 11 12 13 14 15 16 17 * 19 20 21 22 23 24 25 26 * 28 29 30 31 
27 28 29 30 31 32 33 * 35 36 37 38 39 40 41 42 43 44 45 46 47 48 49 50 51 52 53 54 55 * 2 3 4 5 6 * 8 9 10 11 12 13 14 15 16 17 18 19 20 21 22 23 24 25 26 
18 19 20 21 22 23 24 25 26 27 * 29 30 31 32 33 34 35 36 37 38 39 * 41 42 43 44 45 46 47 48 49 * 51 52 53 54 * 1 * 3 4 5 6 7 8 9 10 11 12 13 14 15 16 17 
30 31 32 * 34 35 * 37 38 39 40 41 42 * 44 * * 47 48 49 50 51 52 53 54 55 1 2 * 4 * * * * 9 10 11 12 13 14 15 16 17 18 19 20 * 22 23 * * 26 27 * * 
6 7 8 9 10 11 12 13 14 15 * 17 18 19 20 21 22 23 24 25 26 27 28 29 30 31 32 33 34 35 36 37 38 39 40 41 42 43 44 45 * 47 48 49 50 51 52 53 54 55 1 2 3 4 5 
55 1 2 * 4 * 6 7 8 9 10 11 12 13 14 15 16 17 18 19 20 21 22 23 24 25 26 27 28 29 30 31 32 33 34 * 36 37 38 39 * * 42 43 44 45 46 47 48 49 50 51 52 53 * 
9 10 11 12 13 14 15 16 17 18 19 20 21 22 23 24 25 26 27 28 29 30 31 32 33 * * 36 37 38 * 40 41 42 * 44 45 46 47 48 * 50 51 52 53 54 55 1 2 3 4 5 6 7 8 
49 50 51 52 53 * 55 1 2 3 4 5 6 7 8 9 10 11 12 13 * 15 16 17 * 19 20 21 22 * 24 25 26 27 28 29 30 31 32 33 34 35 36 37 38 39 * 41 42 43 44 45 46 47 48 
