8 * 10 11 12 13 14 15 * 17 * 19 * 21 22 23 24 * 26 * 28 * 30 31 32 33 34 35 36 37 38 39 40 41 * 43 44 45 * 47 * 49 50 * 2 3 4 * 6 7 
17 18 19 * 21 22 23 * * * 27 28 29 30 31 * 33 * * 36 37 38 39 40 41 * 43 * 45 46 47 48 49 50 1 * 3 4 5 6 * * 9 10 11 12 13 14 15 16 
48 49 50 1 * 3 * 5 6 * 8 9 10 11 * 13 14 15 16 * 18 19 20 21 22 23 24 25 26 27 28 29 30 31 32 33 34 35 36 37 38 * 40 41 42 43 44 * * * 
45 46 47 48 49 50 1 2 3 4 5 * 7 8 9 * 11 12 * 14 * 16 17 18 * 20 21 22 23 24 25 26 27 28 * 30 31 * 33 34 35 36 37 38 * * 41 42 43 44 
7 * 9 10 * 12 13 14 15 16 * 18 19 20 * * 23 24 25 26 27 28 * 30 31 32 33 * 35 36 * * 39 40 41 42 43 44 45 46 47 48 49 50 1 2 3 4 5 6 
9 10 11 12 13 14 * 16 * * 19 20 21 22 * 24 25 26 27 28 29 * 31 32 33 * 35 36 37 38 39 40 41 42 43 44 45 46 * 48 49 50 1 2 3 4 5 6 7 * 
23 24 * 26 27 28 29 30 31 32 33 34 * * * 38 39 40 41 * 43 44 45 46 47 48 49 * 1 2 * 4 5 * 7 * 9 10 11 12 13 14 15 16 17 18 19 20 21 22 
40 41 42 43 44 * 46 47 48 49 50 1 2 3 * 5 6 7 8 9 10 * * * 14 * * * 18 19 20 * * 23 * 25 * 27 28 29 * 31 * 33 34 35 36 37 38 * 
34 35 36 37 38 * 40 41 42 43 44 45 46 47 48 49 * 1 2 3 4 5 6 7 8 9 10 11 * 13 14 15 16 17 18 19 20 21 22 23 24 25 26 27 28 29 30 * * 33 
* 44 45 46 47 48 49 50 1 2 3 4 * 6 7 8 9 10 11 12 * 14 * 16 17 18 * 20 21 22 23 * 25 26 27 28 29 30 31 * * 34 35 36 37 38 39 40 41 42 
25 26 27 28 29 30 31 32 33 34 35 36 37 38 39 * 41 * 43 44 * 46 47 48 49 50 1 2 * 4 5 6 7 8 9 * * * 13 14 15 16 17 18 19 20 * 22 23 24 
28 29 * 31 32 33 34 35 36 37 38 39 40 * 42 43 * 45 * 47 48 49 50 1 2 3 4 5 6 7 8 * 10 * 12 13 14 15 16 * 18 19 20 21 22 23 24 25 26 27 
36 37 38 39 * 41 * 43 44 45 46 * 48 49 * 1 2 3 4 5 * 7 8 9 10 11 12 13 14 * 16 17 * * 20 21 * 23 24 * 26 27 * 29 * 31 32 * 34 35 
32 33 34 35 36 37 38 * 40 41 42 43 44 45 46 47 * 49 50 1 * 3 4 5 6 7 8 9 10 11 12 * 14 15 16 17 * 19 20 21 22 23 * 25 26 27 28 29 30 * 
30 31 32 33 34 35 36 37 38 39 * 41 42 43 44 * 46 47 48 49 50 1 2 3 4 5 6 7 8 9 10 11 12 13 14 15 16 17 * 19 20 21 22 23 24 25 26 27 28 29 
2 3 4 5 6 7 8 9 10 11 12 * 14 15 16 17 * 19 20 21 22 23 24 25 26 27 28 * 30 * 32 33 34 35 36 37 38 39 40 * * 43 * 45 * 47 48 49 50 1 
15 16 17 18 19 20 * 22 23 * * 26 27 28 29 30 * 32 * 34 * 36 37 38 39 40 41 * 43 44 * * 47 * * 50 1 * 3 4 * * 7 8 * 10 11 12 13 14 
22 23 24 25 * * 28 29 30 31 32 33 34 35 36 37 38 39 40 41 42 43 44 45 46 47 48 49 50 * 2 3 4 5 6 * 8 9 * 11 12 13 14 15 16 * * 19 * 21 
* 4 5 6 7 * 9 10 11 12 13 14 15 16 17 18 19 20 21 22 23 24 25 26 27 28 29 * 31 32 33 34 35 36 37 38 39 40 41 42 43 44 45 46 47 * 49 50 * * 
44 45 46 47 48 * 50 1 * 3 4 5 6 7 8 9 10 * * 13 14 15 * 17 18 19 20 21 22 23 24 25 * * 28 29 * 31 32 33 34 35 36 37 38 39 * 41 42 43 
6 7 8 9 10 11 12 13 14 15 16 17 18 19 * 21 * 23 24 25 * * 28 29 30 31 32 33 * 35 36 37 38 * * 41 42 43 44 45 * 47 48 49 50 1 2 3 * 5 
18 19 20 * 22 23 24 25 26 27 28 29 30 31 32 33 34 35 36 37 38 39 40 41 * * 44 45 46 * 48 49 * 1 2 3 4 5 6 7 8 9 10 11 * 13 * 15 16 17 
* 34 * 36 * 38 39 40 41 42 43 44 45 46 * 48 49 50 1 2 3 * * * 7 * 9 10 11 12 13 * 15 16 * 18 19 * 21 22 * 24 25 26 27 28 29 30 31 * 
31 * 33 34 35 * 37 38 39 40 * 42 43 44 45 * 47 48 49 50 * 2 3 4 * * 7 * * 10 11 * 13 14 15 16 17 18 19 20 * 22 23 24 25 26 27 28 29 30 
47 48 49 50 1 2 3 4 5 * 7 8 * 10 11 12 13 14 15 16 17 18 19 20 21 22 23 24 25 26 * * 29 30 31 32 * 34 35 36 37 38 * 40 41 42 43 * 45 46 
4 5 6 7 8 * 10 11 12 13 14 15 * 17 18 19 20 21 22 23 24 25 * 27 28 * 30 31 32 * 34 * 36 37 * 39 40 41 42 43 44 45 * * 48 49 50 1 2 3 
10 * 12 13 14 15 * * 18 19 20 21 22 23 24 25 26 27 * 29 30 31 32 33 34 35 * 37 38 39 40 41 42 * 44 45 46 47 * * 50 1 2 3 4 5 6 7 8 9 
38 39 40 * 42 43 44 45 * 47 * * 50 1 2 3 4 5 * 7 8 9 10 11 12 13 14 15 16 17 18 * 20 * 22 * 24 25 26 27 28 29 * 31 32 33 * 35 36 37 
12 13 14 15 16 * 18 19 20 21 * 23 24 25 26 27 28 29 30 31 32 33 34 35 * 37 * * 40 41 * 43 44 45 46 * 48 49 50 1 2 3 4 5 * 7 8 * 10 11 
24 * 26 27 28 * * 31 32 * 34 35 36 37 38 * 40 41 * 43 44 45 46 47 48 49 50 1 2 * 4 * 6 7 8 9 10 11 12 13 14 15 16 17 18 19 * 21 22 23 
29 30 31 32 33 * 35 36 37 38 * 40 * * 43 44 45 46 47 48 49 * 1 2 3 4 5 * * 8 9 10 11 12 13 14 * 16 17 18 19 20 21 22 23 24 25 * * * 
14 15 16 17 18 19 * 21 22 23 24 25 26 27 28 29 * 31 * 33 34 35 36 37 38 39 40 41 42 43 44 45 46 47 48 49 * 1 2 3 4 5 * 7 8 * 10 11 12 * 
26 * 28 * 30 * 32 33 34 35 36 * 38 39 40 41 42 43 * 45 46 47 * 49 50 1 2 3 4 5 * 7 * 9 10 11 * 13 14 15 * 17 * 19 20 21 22 * 24 25 
27 28 29 30 31 32 33 34 35 * 37 38 39 40 41 42 43 44 45 46 * 48 49 * * * 3 4 5 6 7 8 9 10 11 * 13 14 15 16 * 18 19 20 21 22 23 24 25 * 
* 14 15 16 17 18 19 * 21 22 23 24 25 * 27 28 29 30 31 32 33 * 35 36 37 38 39 40 41 42 43 44 45 46 47 48 49 50 1 * * 4 5 6 7 8 9 10 11 12 
* 6 7 8 9 * 11 12 13 14 15 16 17 18 19 20 21 22 23 24 25 26 27 28 * 30 31 32 33 34 35 36 37 38 39 40 * 42 * 44 45 46 47 48 49 * 1 * 3 * 
* 50 1 2 * * 5 6 7 8 * 10 * 12 13 14 15 16 * 18 19 20 21 22 23 * 25 26 * 28 29 30 31 32 33 34 35 36 37 38 39 40 41 42 43 44 45 46 * 48 
11 12 13 14 15 16 17 18 19 20 * 22 * 24 25 26 27 * 29 30 31 32 33 * 35 * 37 38 39 40 41 42 43 44 * 46 47 * 49 50 1 2 3 * * * 7 8 9 * 
35 36 37 38 39 40 41 42 43 44 45 * 47 * 49 50 1 2 3 4 5 * 7 8 * 10 11 12 13 14 * 16 17 18 19 20 21 22 23 24 25 26 27 28 * 30 31 32 33 34 
16 17 18 19 20 21 * 23 24 25 26 27 28 29 30 31 32 33 34 * 36 37 38 39 40 41 42 43 44 * * 47 * 49 50 1 2 3 * 5 6 7 8 9 10 11 12 13 14 * 
20 * * * 24 25 26 27 28 29 30 31 32 33 34 35 36 37 38 39 40 41 42 43 44 45 46 47 48 49 50 1 * * 4 * 6 7 8 9 10 * 12 13 14 15 16 17 18 19 
19 * 21 22 23 24 25 26 27 28 * * 31 32 33 34 35 36 37 38 39 40 41 * 43 * 45 46 * 48 49 50 1 * 3 4 5 6 7 8 9 10 * 12 13 14 * 16 17 18 
* 40 41 42 43 44 45 46 47 48 49 50 1 2 3 4 5 * 7 8 9 10 11 * 13 14 15 16 17 18 19 20 21 22 23 * 25 26 27 28 29 30 31 32 33 * 35 36 37 38 
* 22 23 24 * 26 27 28 29 30 31 32 * 34 35 36 37 * 39 * 41 42 43 44 45 * 47 48 49 * 1 2 3 4 * 6 7 8 9 10 * * * 14 15 16 17 18 * 20 
41 42 43 * * 46 47 48 * 50 1 2 3 4 5 6 7 8 9 * 11 12 * 14 15 16 17 18 19 * 21 22 23 24 25 26 27 * 29 * 31 32 * 34 35 36 37 38 39 40 
37 38 39 * * 42 43 44 45 46 47 48 49 50 1 2 3 * * * * 8 9 10 11 * 13 * 15 16 17 18 19 20 21 22 23 24 25 26 27 28 29 * 31 32 33 34 35 36 
* 43 44 45 46 47 48 49 50 * 2 * 4 5 6 7 8 9 * 11 12 13 * * 16 17 18 19 * 21 22 23 24 25 26 * * 29 30 31 32 33 34 35 * * * 39 40 41 
46 * 48 49 50 1 2 3 4 5 6 7 8 9 10 11 12 13 * 15 16 * 18 * * 21 22 23 24 25 26 * 28 29 30 * 32 33 34 35 36 * 38 39 40 * 42 43 44 * 
1 2 3 4 5 6 7 8 * 10 11 12 13 14 * 16 17 * 19 20 21 * 23 24 25 26 27 28 * * 31 32 33 34 35 36 37 38 39 40 41 42 43 44 45 * * 48 49 50 
50 1 2 * 4 5 * 7 8 * 10 * 12 13 14 15 * 17 18 19 * * 22 * 24 25 * 27 28 29 30 31 32 33 34 35 36 37 38 39 40 41 42 * 44 * * 47 48 49 
