2 3 4 5 6 7 8 9 10 11 12 13 14 15 16 17 18 19 20 21 22 23 24 25 26 27 28 29 30 31 32 33 34 35 1 
19 20 21 22 23 * 25 26 * 28 29 * 31 32 33 34 35 1 2 3 4 5 6 * 8 9 10 11 12 13 14 15 16 17 18 
18 19 20 21 22 23 24 25 26 * 28 * * 31 32 33 34 35 1 2 3 4 5 6 7 8 9 10 11 12 13 14 15 16 17 
5 6 * 8 9 10 11 12 13 14 15 16 17 18 19 20 21 22 23 24 25 26 27 28 29 30 31 32 33 34 35 1 2 3 4 
8 9 10 11 12 * 14 15 16 * 18 19 20 21 22 23 24 25 26 27 28 29 30 31 * 33 34 35 1 2 3 4 5 6 7 
33 34 35 1 2 3 4 5 * 7 8 9 10 11 * 13 14 15 16 * 18 19 20 21 22 23 24 25 26 27 28 29 30 * 32 
24 25 26 27 28 * 30 31 32 33 34 35 1 2 3 4 5 6 7 8 9 10 11 12 13 14 15 16 17 18 * 20 * 22 23 
6 7 8 9 10 11 12 13 14 15 16 17 18 19 20 21 22 23 24 * 26 27 28 29 * 31 32 33 34 35 1 2 3 4 * 
31 32 33 34 35 1 2 3 4 5 6 7 8 9 10 11 12 13 14 15 16 17 18 19 20 21 22 * 24 25 26 27 28 29 30 
17 18 19 20 21 * 23 24 25 26 27 28 29 30 31 32 33 34 35 1 2 3 4 5 6 7 8 9 10 11 12 13 14 15 * 
20 21 * 23 24 25 26 27 28 29 30 31 * 33 34 35 1 * 3 4 5 6 7 8 9 10 11 12 13 * 15 16 17 18 19 
26 27 28 * 30 31 32 33 34 35 1 2 3 * 5 6 * 8 9 10 11 * 13 14 * 16 17 18 19 20 21 22 23 24 25 
4 5 6 7 8 9 10 11 12 13 14 15 16 17 18 19 20 21 * 23 24 * 26 27 28 29 30 31 * 33 * 35 1 2 3 
9 10 11 12 13 14 15 16 17 18 19 20 21 22 23 * 25 26 27 28 29 30 31 32 33 34 35 1 2 3 4 5 6 7 8 
7 8 9 10 11 12 * 14 15 16 17 18 19 20 21 22 23 24 25 26 27 28 29 30 31 32 33 34 35 1 2 3 4 5 6 
21 * 23 24 25 26 27 28 29 30 31 32 33 34 35 1 2 3 * 5 6 7 8 * 10 11 12 13 14 * 16 17 18 * * 
23 24 25 26 27 28 29 30 31 * * 34 35 1 2 3 4 5 6 7 8 9 10 11 12 13 14 15 16 17 18 19 20 21 22 
13 14 15 16 17 18 19 20 21 22 23 24 25 26 27 28 29 30 31 32 33 34 35 1 2 * 4 5 6 * 8 9 * 11 * 
16 17 18 19 20 21 * 23 24 25 26 27 28 29 * 31 32 33 34 35 1 2 3 4 * 6 7 8 9 10 11 * 13 14 15 
* 15 16 17 18 19 20 21 22 23 * 25 26 27 28 29 30 31 32 33 34 * 1 2 3 4 5 6 7 8 9 10 * 12 13 
29 30 31 32 33 * 35 1 2 3 4 5 6 7 8 * 10 11 12 13 14 15 16 17 18 19 20 21 * 23 * 25 26 27 28 
12 13 14 15 16 17 * 19 * 21 22 23 24 25 26 * * 29 30 31 32 33 34 35 1 2 3 4 5 6 7 8 9 10 11 
34 35 1 2 * 4 5 6 7 8 9 10 11 * 13 * 15 16 17 18 19 * 21 22 23 24 25 26 27 28 29 30 31 32 33 
10 11 12 13 14 15 16 17 18 19 * * 22 23 24 25 26 27 28 * * 31 32 33 34 35 1 2 3 4 5 6 7 8 9 
32 33 34 35 1 2 3 4 5 6 7 8 9 10 11 12 13 14 15 * 17 18 * 20 21 * 23 24 * 26 27 28 29 30 * 
15 16 17 18 19 * 21 22 23 * 25 26 27 * 29 30 31 32 33 34 35 1 * 3 4 5 6 7 8 9 10 11 * 13 14 
3 4 5 6 7 8 9 10 11 12 13 14 15 16 17 18 19 20 21 22 23 24 25 26 27 28 29 30 31 * 33 34 * 1 2 
27 28 29 30 * 32 33 34 35 1 2 3 4 5 6 7 8 9 10 11 * 13 14 15 16 17 18 19 20 21 22 23 * 25 26 
22 23 24 25 26 27 28 29 30 31 32 33 34 35 1 2 3 4 5 6 7 * 9 10 11 12 13 14 15 16 17 * 19 20 21 
1 2 3 4 5 6 7 8 9 10 11 12 13 14 * * * 18 19 20 21 22 23 24 25 26 27 28 29 30 31 32 33 34 35 
28 29 30 31 32 33 34 * 1 2 * 4 5 6 7 8 9 10 11 12 13 14 15 16 17 18 19 20 21 22 23 24 25 26 27 
30 31 32 * 34 35 1 2 3 4 5 6 7 8 9 10 11 * 13 14 15 16 17 18 19 20 21 22 23 24 * 26 27 28 * 
35 1 2 3 * 5 * 7 8 9 10 11 12 13 * * 16 17 18 19 20 21 * 23 24 25 26 27 * 29 30 * 32 33 * 
25 26 27 28 29 30 31 32 33 34 35 1 2 3 4 5 6 7 8 9 10 11 12 13 14 15 16 17 18 19 20 * 22 23 24 
* * 13 14 15 16 17 18 19 20 21 22 23 24 25 26 27 28 * 30 31 32 33 34 35 1 2 3 4 5 6 7 8 * * 
