2 3 4 5 6 7 8 9 10 11 * 13 * 15 16 17 18 19 20 21 22 23 24 25 * 27 28 29 30 31 32 33 34 35 36 37 38 * 40 41 42 * 44 * 1 
19 20 21 22 23 24 25 26 27 * 29 30 31 32 * 34 35 36 37 38 39 40 41 42 43 44 * 1 * 3 4 5 6 7 * 9 10 11 * 13 14 15 16 17 18 
* 39 40 41 42 43 44 45 1 2 3 4 5 6 7 8 9 * * * 13 * 15 16 * * 19 20 21 22 23 24 25 26 * 28 29 30 31 32 * * 35 36 37 
42 43 44 45 1 * 3 4 5 6 * 8 9 10 * 12 13 14 15 16 17 18 19 20 * 22 23 24 25 26 27 28 29 30 31 * * 34 35 36 37 38 * 40 * 
8 9 10 11 12 13 14 * 16 17 18 19 20 21 22 * * 25 26 27 * 29 30 31 32 33 34 35 36 37 38 39 40 41 42 43 44 45 1 2 3 4 5 * 7 
33 34 * 36 37 38 39 40 41 42 * * * 1 2 3 4 5 6 7 8 9 10 11 12 13 14 15 16 17 18 19 20 21 22 23 * 25 26 27 28 29 30 31 32 
24 25 26 27 28 29 30 31 32 33 34 * 36 37 38 39 40 41 42 43 44 45 1 * 3 4 5 * 7 8 9 10 11 * 13 * 15 16 * 18 19 20 21 22 23 
6 7 8 9 10 11 * 13 14 15 16 17 18 * 20 21 22 23 24 * * 27 28 29 * 31 32 33 * 35 36 37 38 39 40 * 42 43 * * * * 3 4 5 
31 32 * * 35 36 37 38 39 40 * 42 43 * 45 * * 3 4 5 6 7 8 9 10 11 12 13 14 15 16 17 18 19 20 * 22 23 * 25 * 27 28 29 30 
44 * 1 2 3 * 5 6 7 8 * 10 11 12 * 14 15 * 17 18 19 * * 22 23 24 25 26 * 28 * 30 31 32 33 34 35 36 37 38 39 40 41 * 43 
20 21 22 * 24 25 26 27 28 29 30 31 * 33 34 35 36 * 38 * 40 * 42 43 44 45 1 2 3 4 5 * 7 8 9 10 11 12 * * * 16 17 18 19 
26 27 * * 30 31 * 33 34 35 * * 38 39 40 * 42 * 44 45 1 2 3 * 5 6 7 * 9 10 11 * 13 14 15 16 17 18 19 * * 22 23 24 25 
* 5 6 7 8 9 10 11 12 * 14 15 16 * 18 19 * 21 * 23 24 25 26 27 28 29 30 31 32 * 34 35 * 37 38 * 40 41 42 43 44 45 1 2 3 
9 10 11 12 13 14 * 16 17 18 19 20 21 22 23 * 25 26 27 28 29 30 * 32 33 * * 36 37 38 39 40 41 42 43 44 45 1 2 3 * 5 6 7 * 
7 8 9 10 11 12 13 14 15 16 17 * * * * 22 23 24 25 26 * 28 29 30 31 32 33 34 35 36 37 * 39 * 41 42 43 44 * 1 2 * * 5 * 
21 22 23 24 25 26 27 28 * 30 31 32 33 * 35 * 37 38 39 40 * 42 43 44 45 1 * 3 4 5 6 7 * 9 * 11 12 13 14 * 16 * 18 * * 
* 24 25 26 27 * 29 30 * 32 33 * 35 * 37 38 39 40 41 42 43 44 45 1 2 3 4 5 * 7 8 9 * 11 12 13 14 15 16 * * 19 * 21 22 
41 * 43 44 45 1 2 3 4 5 6 7 * 9 10 11 12 13 14 * 16 17 18 * 20 21 22 23 24 * 26 27 * 29 * * 32 33 * 35 36 37 38 39 40 
* 17 18 19 * 21 22 23 24 * 26 * 28 * * 31 32 33 * 35 * * 38 * * * 42 43 44 45 * 2 3 4 5 6 7 8 9 10 11 * 13 14 15 
* 15 16 17 18 19 20 21 22 23 24 25 26 27 28 29 * 31 32 * 34 35 36 37 38 39 40 41 42 43 44 45 * 2 3 4 * 6 7 * 9 10 11 12 13 
29 30 31 32 33 * * 36 37 38 39 40 * 42 43 * * * 2 3 * 5 6 7 8 9 10 11 12 13 14 15 16 17 18 * 20 21 22 23 24 * 26 27 28 
12 13 14 * 16 17 18 19 20 21 22 23 * 25 26 * 28 * 30 31 32 * * 35 * 37 38 39 40 41 42 43 44 45 1 2 * 4 5 * 7 8 9 10 11 
* 38 39 40 41 42 43 44 45 * 2 3 4 5 6 * 8 9 10 11 12 13 14 15 16 17 18 19 20 * 22 23 24 25 * * 28 * 30 * 32 33 34 35 36 
10 11 12 13 14 15 16 * 18 19 20 * 22 23 24 * 26 27 28 * 30 31 32 33 34 35 36 37 38 39 40 41 42 43 44 45 1 2 3 * 5 6 7 8 9 
32 * 34 35 36 37 * 39 40 41 42 43 44 45 1 2 3 4 5 6 7 8 9 10 11 12 13 14 15 16 17 18 19 20 21 22 23 24 25 26 27 28 29 * * 
15 16 17 18 * 20 21 * 23 24 * 26 27 * * 30 31 32 33 * 35 36 37 38 * 40 41 42 43 * 45 * 2 * 4 5 6 7 8 * 10 11 12 13 * 
3 4 5 6 7 8 9 10 11 12 13 14 15 16 17 18 19 20 21 22 23 * 25 26 27 28 29 30 * 32 * 34 35 36 37 * 39 40 41 42 43 44 45 1 2 
* 28 29 30 31 32 33 34 * 36 37 38 39 40 41 * * 44 45 1 * * * 5 6 7 8 9 10 11 12 13 14 15 16 17 18 * 20 21 22 * 24 25 * 
22 23 24 25 26 27 28 29 30 31 32 33 34 35 36 37 38 39 40 41 42 43 44 45 1 * 3 4 5 * 7 8 9 10 * 12 13 14 15 16 17 18 * 20 21 
45 1 2 3 4 5 6 7 8 * 10 11 12 13 14 * 16 17 18 19 20 21 22 23 24 * 26 27 28 29 30 31 * 33 34 35 * * * 39 * * 42 * 44 
* * 30 * 32 33 34 35 36 37 38 39 40 41 42 43 44 45 1 2 3 4 5 6 7 * 9 10 11 12 * 14 15 16 17 18 * 20 21 22 23 24 25 * 27 
39 40 41 * 43 44 45 1 2 3 4 5 6 7 8 9 10 11 12 13 14 15 16 17 18 * 20 21 22 23 24 25 26 27 28 29 30 31 * * 34 * 36 37 38 
35 * 37 38 * 40 * 42 43 44 45 1 2 3 4 5 6 7 8 9 10 11 12 13 * 15 16 17 18 19 20 21 22 23 * 25 * * * 29 30 * 32 33 * 
* 26 27 28 29 30 31 32 * 34 * 36 37 38 39 40 41 42 43 44 * * 2 3 * 5 6 7 * 9 10 11 * 13 14 15 16 17 18 19 20 * 22 23 24 
11 12 13 14 15 * * 18 19 20 21 22 23 * 25 26 * 28 29 30 31 32 33 34 35 36 37 * 39 40 41 * 43 44 45 1 * 3 4 * 6 * 8 9 10 
17 18 19 20 * * 23 * 25 * 27 28 29 30 31 32 33 34 35 36 37 38 * 40 41 42 43 44 * 1 2 3 4 5 6 7 8 * * 11 12 13 14 15 16 
34 35 36 37 38 39 * * 42 * 44 45 1 2 3 4 * 6 7 8 * 10 11 12 * 14 15 16 17 18 19 20 21 22 * * * 26 27 * * * 31 * 33 
18 19 20 21 22 23 24 25 26 * 28 29 * * 32 * 34 35 36 * 38 * 40 * 42 43 * 45 * 2 3 4 5 6 7 8 * 10 11 12 * 14 15 16 17 
30 31 32 33 34 35 36 * 38 39 40 41 42 43 44 45 1 2 * 4 5 6 7 8 9 10 * 12 13 14 * 16 17 18 19 20 21 22 23 24 25 26 * 28 29 
36 37 38 39 40 41 42 43 44 45 1 2 3 4 5 6 7 * 9 10 11 12 13 14 15 * 17 18 19 20 21 22 * 24 25 26 27 28 29 30 * 32 * 34 35 
13 14 15 16 17 18 19 20 * 22 23 24 25 26 27 28 29 30 31 32 33 * 35 36 37 * 39 * 41 42 43 44 45 1 2 * 4 5 * 7 8 9 10 * 12 
5 6 7 8 9 10 11 12 13 14 * 16 17 18 19 20 * * 23 24 25 26 27 28 29 * 31 32 * 34 35 * 37 38 39 40 * 42 43 44 45 1 2 * 4 
1 * 3 4 5 6 * * 9 10 11 12 13 14 15 16 17 * 19 20 21 22 23 24 25 26 * * 29 30 31 32 33 * 35 36 37 38 39 * * 42 43 44 45 
40 41 42 43 44 45 1 * 3 4 5 6 7 8 * * 11 12 13 * * 16 17 18 19 20 21 22 * 24 25 26 27 28 29 * 31 32 33 * 35 36 37 38 39 
43 44 45 1 2 3 4 5 6 7 8 9 10 11 * * 14 15 16 * 18 19 * 21 * 23 24 25 26 27 28 29 30 31 32 33 34 35 36 * 38 39 40 41 42 
