* 9 10 11 12 13 14 15 * 17 18 19 20 * 22 23 24 25 26 27 28 29 30 31 32 33 34 35 36 37 38 39 40 1 2 3 * 5 6 7 
17 18 19 20 21 22 23 24 25 26 27 28 29 30 31 32 33 34 35 36 37 38 39 40 1 2 3 4 5 6 7 8 9 10 11 12 13 14 15 16 
* 38 39 40 * 2 3 4 5 6 7 * 9 10 * 12 13 14 15 16 17 18 19 20 21 22 23 24 25 26 27 28 29 30 31 32 33 34 35 36 
20 21 22 23 24 * 26 27 28 29 30 31 32 33 34 35 * 37 38 39 40 * 2 3 4 5 6 7 8 9 10 11 12 13 14 15 16 17 18 19 
7 8 9 10 11 12 13 14 15 16 17 18 19 20 21 22 23 24 25 26 * 28 29 * 31 32 33 34 35 36 37 38 39 40 * 2 3 4 5 6 
9 * 11 12 13 * * 16 17 18 19 20 21 22 23 24 25 26 27 * 29 30 31 32 33 34 35 36 37 38 39 40 1 2 3 4 5 6 7 8 
23 24 25 * 27 28 29 30 31 32 33 34 35 36 37 38 * 40 1 2 3 4 5 6 7 8 9 10 11 12 13 14 15 16 17 18 19 20 21 22 
40 1 2 3 4 * 6 7 8 9 10 11 12 * * 15 16 17 18 19 20 21 22 23 24 25 26 27 28 29 30 31 * 33 34 35 36 37 38 39 
34 35 36 37 38 39 40 1 2 3 4 5 6 7 8 9 10 11 12 13 14 15 16 17 18 19 20 21 22 23 24 25 26 27 28 29 30 31 32 33 
39 40 * 2 3 4 5 6 7 * 9 10 11 12 13 14 * 16 17 18 19 20 21 22 23 24 25 26 * 28 29 30 * * 33 34 35 36 37 * 
25 26 27 28 29 30 31 32 33 34 35 36 37 38 39 40 1 * * 4 5 6 * 8 9 10 11 12 * 14 15 * 17 18 19 20 21 22 * 24 
28 29 30 31 32 33 * 35 * * 38 39 40 1 2 3 4 5 6 7 8 9 10 11 12 13 * 15 16 17 18 19 20 * 22 23 24 25 26 27 
36 37 * 39 40 1 2 3 4 5 6 7 8 9 * 11 12 13 14 * 16 * 18 19 20 21 22 23 24 25 26 27 28 29 30 31 32 33 * 35 
32 33 34 35 36 37 * 39 40 1 2 3 4 5 6 7 8 9 10 11 * 13 14 * 16 17 18 19 20 * 22 23 24 25 26 27 28 29 30 31 
30 31 * 33 34 35 36 37 38 39 40 1 2 3 4 5 6 7 8 9 * 11 12 13 14 15 16 * 18 19 20 21 22 23 24 25 26 27 * 29 
2 3 4 5 6 7 8 9 10 11 12 13 14 15 16 17 18 19 20 21 * 23 24 25 26 * 28 29 30 * 32 33 34 35 * 37 38 * 40 * 
15 16 17 18 19 20 21 22 23 24 25 26 27 28 * 30 31 32 * 34 * 36 * 38 * 40 * 2 * 4 5 6 7 8 9 10 11 12 13 14 
22 23 24 25 26 27 28 29 30 31 32 33 34 35 * 37 38 39 40 * 2 3 4 5 6 7 8 9 * 11 12 * 14 15 16 17 * 19 20 21 
3 4 5 6 7 8 9 10 11 12 13 14 15 16 17 18 19 20 21 22 23 24 25 26 27 28 29 30 31 * 33 * 35 36 37 38 39 40 1 2 
21 22 23 24 25 26 27 28 29 30 31 32 33 34 35 36 37 38 39 40 1 2 3 4 5 * 7 8 9 10 11 12 13 14 15 16 17 18 19 20 
6 7 8 9 10 11 12 13 14 15 16 17 18 * 20 21 22 23 24 25 26 27 28 29 30 31 32 * 34 35 36 37 38 39 40 * 2 3 4 5 
18 19 20 * 22 * * 25 26 27 28 29 30 31 32 33 34 35 36 37 38 * 40 1 2 * 4 5 6 7 8 9 10 11 12 13 14 15 16 17 
33 34 35 36 37 38 39 * 1 2 3 4 5 6 7 * 9 10 11 12 13 14 15 16 17 18 19 20 21 22 23 24 25 26 27 28 29 30 31 * 
31 * 33 34 35 36 37 38 39 40 * 2 3 4 5 * 7 8 9 10 11 12 13 14 15 16 17 18 19 20 * 22 23 24 25 26 27 28 29 30 
19 20 21 22 23 24 25 26 27 28 29 * 31 32 33 34 35 36 37 38 39 40 1 2 3 4 5 6 7 8 9 10 11 12 13 14 15 16 17 * 
4 5 6 7 8 9 10 11 * * 14 15 * 17 18 19 20 21 22 23 24 25 * 27 28 29 30 31 32 33 34 35 36 37 38 * 40 * 2 3 
10 11 12 * 14 15 16 * 18 19 20 21 22 * 24 25 * 27 28 29 * 31 32 33 34 35 36 37 38 39 40 1 2 3 4 5 6 * * 9 
38 * 40 1 2 3 4 5 6 7 8 9 10 11 12 13 14 15 16 17 18 19 20 21 22 23 24 25 * * 28 29 30 31 32 33 34 35 36 37 
12 13 14 15 16 17 18 19 * 21 22 23 24 25 26 27 28 29 30 31 32 33 34 35 36 37 38 * 40 1 2 3 4 5 6 7 8 9 10 11 
24 25 26 27 28 29 * 31 32 33 34 35 36 37 38 39 40 1 2 * 4 * 6 7 8 9 10 11 12 13 14 15 16 17 18 19 20 21 22 * 
* 30 31 32 33 34 35 36 37 38 * 40 1 2 * 4 5 6 7 8 9 10 11 12 13 14 15 16 * 18 19 20 21 22 23 24 25 * 27 28 
14 15 16 17 18 19 20 21 22 23 24 25 * 27 28 29 30 31 32 * 34 * 36 37 38 39 40 1 2 3 4 5 6 7 8 9 10 11 12 13 
26 27 28 29 30 31 32 33 34 * 36 37 38 39 40 1 2 3 4 * 6 7 8 9 10 11 12 13 14 15 16 17 18 19 20 21 22 23 24 25 
* 28 29 30 31 32 33 34 35 36 37 38 39 40 1 2 3 4 5 6 7 * 9 10 11 12 13 14 15 * 17 18 19 20 * 22 23 24 25 * 
13 14 15 16 17 18 19 20 21 22 23 24 25 26 27 28 29 30 31 32 * 34 35 36 * 38 39 40 1 2 3 4 5 6 7 8 9 * 11 12 
5 6 7 8 9 10 11 12 13 14 15 16 17 18 * 20 21 22 23 24 25 26 27 28 29 30 31 32 33 * 35 36 37 38 39 40 1 2 * 4 
1 2 3 4 5 6 7 8 9 10 11 12 13 14 * 16 17 18 19 20 21 22 23 24 25 26 27 28 29 30 31 32 33 34 * 36 37 38 39 40 
* * * 14 * * 17 * 19 20 21 22 23 24 25 26 27 28 29 30 31 32 33 34 35 36 37 38 39 40 1 2 3 4 5 6 7 8 9 10 
35 36 37 38 39 * 1 2 3 4 5 6 7 8 9 10 11 * 13 14 15 16 17 18 19 20 21 22 23 24 25 26 27 28 29 30 31 32 33 34 
16 17 18 19 20 21 * 23 24 25 26 27 28 29 30 * 32 33 34 35 36 * 38 39 40 1 * 3 4 5 * 7 8 9 10 11 12 13 14 15 
