61 * * 64 65 66 67 68 69 70 71 72 73 74 75 76 77 78 79 80 81 82 83 84 85 86 87 88 89 90 91 92 93 94 95 96 97 98 99 100 * 2 3 4 5 6 7 8 9 10 11 12 13 14 15 16 17 18 19 * 21 22 23 24 25 26 27 * 29 * * * 33 34 35 36 37 38 39 40 41 42 43 44 * 46 47 48 49 50 51 52 53 * 55 56 57 58 59 60 
57 58 59 60 61 62 63 * 65 66 67 68 69 70 71 72 73 74 75 76 77 78 79 80 81 * 83 84 85 86 87 88 89 90 91 92 93 94 95 96 97 * 99 100 1 2 3 4 5 6 7 8 9 10 11 12 13 14 15 16 17 18 19 20 21 22 23 24 25 26 27 28 29 * 31 32 33 34 35 * 37 38 39 40 41 42 43 44 45 46 * 48 49 50 51 52 53 54 55 56 
84 85 * 87 88 89 90 91 92 93 94 95 96 97 * 99 100 1 2 * 4 5 6 7 8 9 10 * * 13 * 15 16 17 18 * 20 21 22 23 24 25 26 27 28 29 30 31 32 33 34 35 * 37 * 39 40 41 42 43 44 45 46 47 48 49 50 51 52 53 54 55 56 57 58 59 60 61 62 63 64 65 66 67 68 69 70 71 72 73 74 * 76 77 78 79 80 81 * 83 
45 46 47 48 49 50 51 52 53 54 55 * 57 58 59 60 61 62 63 64 65 66 67 68 69 70 71 72 * 74 75 76 77 78 79 80 81 82 83 84 85 86 87 88 * 90 91 92 93 94 95 96 97 98 99 100 1 2 3 4 5 6 7 8 9 10 11 12 13 14 15 16 17 18 19 20 21 22 23 24 25 26 27 28 29 30 31 32 33 34 35 36 37 38 39 * 41 42 43 44 
7 8 9 10 11 12 13 14 15 16 17 18 19 20 * 22 23 24 25 26 27 28 29 30 31 32 33 34 35 36 * * 39 40 41 42 43 44 45 46 47 48 49 50 51 52 53 54 55 56 57 * 59 60 * 62 63 64 65 66 67 * 69 70 71 72 73 74 75 76 77 78 79 80 81 82 83 84 85 86 * * 89 90 91 92 93 94 95 96 97 98 99 100 1 2 3 4 * 6 
* 84 85 86 87 88 89 90 91 92 93 94 95 96 97 98 99 100 1 2 3 4 5 6 7 * 9 10 11 12 13 * 15 16 17 18 19 20 21 22 23 24 25 26 27 28 29 * 31 32 33 34 35 36 37 38 * 40 41 * 43 44 45 46 47 48 49 50 51 52 53 * 55 56 57 58 59 60 61 62 63 64 65 66 67 68 69 70 * 72 73 74 75 76 * * 79 80 81 82 
23 24 25 * 27 28 29 30 31 32 * 34 * * 37 38 39 40 41 42 43 44 45 46 47 48 * 50 51 52 53 54 55 56 57 58 59 60 61 62 63 64 65 66 67 68 69 70 71 72 73 74 75 76 77 78 79 80 81 82 83 84 85 86 87 88 89 90 91 * 93 94 95 96 97 98 99 100 1 2 3 4 5 * 7 8 * 10 11 * 13 14 15 16 17 18 19 20 21 22 
94 95 96 97 98 99 100 1 2 3 4 5 6 7 8 9 10 11 12 13 14 15 16 * 18 19 20 21 22 23 24 25 * 27 28 29 * 31 32 33 34 35 * 37 38 * 40 41 42 43 44 45 46 47 48 * 50 51 52 53 54 55 * * 58 59 60 61 62 63 64 * 66 67 68 69 70 71 72 73 74 75 76 77 78 79 * 81 82 83 84 85 86 87 88 89 90 91 92 93 
56 57 58 59 60 61 62 63 64 65 66 67 68 69 70 71 72 73 74 75 76 77 78 79 80 81 82 83 84 * 86 87 88 89 90 91 92 93 94 95 96 97 98 99 100 1 2 3 * 5 * 7 8 9 10 11 * 13 14 15 * 17 18 19 20 21 22 23 24 25 26 27 28 29 30 31 32 33 34 35 36 37 38 39 40 41 42 43 44 45 46 47 48 49 50 51 52 53 54 55 
43 44 45 46 47 48 49 50 51 52 53 54 55 56 57 58 59 60 61 62 * 64 * 66 67 68 69 70 71 72 * 74 75 76 * 78 79 80 81 82 83 84 85 86 87 88 89 90 91 92 93 94 95 96 97 98 99 100 1 2 3 4 * 6 7 8 9 * 11 12 13 14 15 16 17 18 * 20 21 22 23 24 25 26 27 28 29 30 31 * 33 * 35 36 37 38 39 40 41 * 
25 26 27 28 29 30 * 32 33 34 35 * 37 38 39 40 * * 43 44 * 46 47 48 49 50 51 52 * 54 55 56 57 58 59 60 61 * 63 64 65 66 67 68 69 70 71 72 73 74 75 76 77 78 79 80 81 82 * 84 85 86 87 88 89 90 91 92 93 94 95 96 97 98 99 100 1 2 3 4 5 6 7 8 9 10 11 12 13 14 15 16 17 18 19 20 21 22 23 24 
86 87 88 89 90 91 92 93 94 95 96 97 98 99 100 1 2 3 4 5 6 7 8 9 10 11 12 13 14 15 16 17 18 * 20 21 22 23 24 * 26 27 28 29 30 * 32 33 34 35 36 37 * 39 40 41 * 43 44 45 46 47 * * 50 51 52 53 * 55 * 57 58 59 60 61 62 63 64 65 * * 68 69 70 71 72 73 74 75 76 77 78 79 80 81 82 * 84 85 
36 37 38 39 40 41 42 43 44 45 46 * 48 * * 51 52 53 54 55 56 57 58 59 60 61 62 63 64 * 66 67 68 * 70 71 72 73 74 * 76 77 78 79 80 81 82 83 84 85 86 87 88 89 * 91 92 93 94 95 96 * 98 99 * 1 2 3 4 5 6 7 8 9 10 11 12 13 14 15 16 17 * 19 20 21 * 23 24 25 26 27 * 29 30 31 * 33 34 35 
53 54 55 56 57 58 59 60 61 62 63 64 * 66 67 68 69 70 71 72 * * 75 76 77 78 79 80 81 82 83 * 85 86 87 88 89 90 91 92 93 94 95 96 97 * 99 100 1 * 3 4 5 6 7 8 9 10 11 12 13 14 15 16 17 18 * * 21 22 23 24 25 26 * 28 29 30 31 32 33 34 35 36 37 38 39 40 41 42 43 44 * * 47 48 49 50 51 52 
85 86 87 * 89 90 91 92 93 94 95 96 97 98 99 100 1 2 3 4 5 6 7 8 9 10 11 12 13 14 15 * 17 18 19 * 21 22 * 24 25 26 27 28 29 30 31 32 33 34 35 36 37 38 39 40 41 42 43 44 * 46 47 48 49 50 51 52 53 54 55 * 57 58 59 60 61 62 63 64 65 66 67 68 69 70 71 72 73 74 75 76 77 78 79 80 81 82 83 84 
2 3 4 5 * 7 * 9 10 11 12 13 * 15 16 17 18 19 20 21 * 23 24 25 26 27 28 29 30 31 32 33 34 35 36 37 38 39 40 41 * 43 * 45 46 47 48 49 50 51 52 53 54 55 56 57 58 59 60 61 62 * 64 65 * 67 68 * 70 71 72 73 74 75 76 77 78 79 80 81 82 83 84 85 86 87 88 89 90 * 92 93 94 95 * 97 98 99 * 1 
15 16 17 18 * 20 21 22 23 24 25 26 27 28 29 30 31 32 33 34 * 36 37 38 39 40 41 42 43 44 45 * 47 * 49 50 51 52 53 54 * 56 57 58 59 60 61 62 63 64 65 66 67 68 69 70 * 72 73 74 75 76 77 78 79 80 81 82 83 84 85 86 87 88 89 90 91 92 93 94 95 * 97 * * 100 1 2 3 4 5 6 7 8 * 10 11 12 13 14 
59 60 61 62 63 64 65 66 67 68 69 70 71 72 73 74 75 76 77 78 79 80 * 82 83 84 85 86 87 88 89 90 91 92 93 94 95 96 97 98 99 100 1 2 3 4 * 6 7 8 9 10 * 12 13 14 15 16 17 18 19 20 21 22 23 24 25 * 27 28 29 30 31 32 33 34 35 * 37 38 39 40 41 42 43 * 45 46 * 48 49 50 51 52 53 * 55 56 57 58 
* 93 * 95 96 * 98 99 100 1 2 3 4 5 6 7 8 9 10 11 12 13 14 15 16 17 18 19 20 21 22 23 24 25 26 27 28 29 30 31 32 33 34 35 36 37 38 39 40 * 42 43 44 45 46 47 48 49 50 51 52 53 54 55 56 57 58 59 60 61 62 63 64 65 66 67 68 69 70 71 72 73 74 75 76 77 78 * 80 81 82 83 84 85 86 87 88 89 90 91 
52 53 * 55 56 * 58 59 * 61 62 63 64 65 66 67 68 69 70 71 72 73 74 75 76 77 78 * 80 81 82 83 84 85 86 87 88 89 90 * 92 93 94 95 96 97 98 99 100 1 2 3 4 5 6 7 8 9 10 11 12 13 14 15 * 17 18 * 20 21 22 23 24 25 26 27 28 29 30 31 32 33 34 * 36 37 38 39 40 41 42 43 44 45 * 47 48 49 50 51 
68 69 70 * * 73 74 75 76 77 78 79 80 81 82 83 84 85 86 87 * * 90 91 * 93 94 95 96 97 98 99 100 * 2 3 4 5 6 7 8 9 10 11 12 13 14 15 16 17 18 19 20 21 22 * 24 25 * * 28 29 * 31 32 33 * 35 36 37 38 39 40 41 42 43 44 45 46 47 48 49 50 51 52 53 54 55 56 57 58 59 60 61 62 63 64 * * 67 
76 77 78 * 80 81 82 83 84 85 86 87 88 89 90 * 92 93 94 95 96 97 98 99 100 1 2 3 4 5 6 7 8 9 10 11 12 13 14 15 16 17 18 19 20 21 22 23 24 25 26 27 28 29 30 31 32 33 34 35 36 37 38 39 40 41 42 43 44 * 46 47 48 49 50 * 52 53 54 55 56 57 * 59 60 * 62 63 64 65 66 67 68 69 70 71 * 73 74 75 
33 34 35 36 37 38 * 40 41 42 43 44 45 * 47 48 49 * 51 52 53 * 55 56 57 58 59 60 61 * 63 64 65 66 * 68 69 70 71 72 * 74 75 76 77 78 79 80 81 82 83 84 85 86 87 88 89 90 91 92 93 94 95 96 97 98 99 100 1 2 3 4 * 6 7 * 9 10 11 12 * 14 15 16 17 18 19 * 21 22 23 24 25 * 27 28 29 30 31 32 
31 32 33 34 35 36 37 38 39 40 41 42 43 44 45 46 47 48 49 50 * 52 53 54 * * 57 * 59 60 61 62 63 64 65 66 67 68 69 70 71 72 73 74 75 76 77 78 79 80 81 82 83 84 85 86 87 88 89 90 * 92 93 94 95 * 97 * 99 100 1 2 3 4 5 6 7 8 9 10 11 * 13 14 15 16 17 18 19 20 * 22 23 24 25 26 27 28 29 30 
47 48 49 50 51 52 53 54 55 56 57 58 59 60 61 62 63 64 * 66 67 68 69 70 71 72 73 74 75 76 77 78 79 80 81 82 83 84 85 86 87 88 * 90 91 92 * 94 95 96 97 98 99 100 1 * 3 4 5 * 7 8 9 10 11 12 13 14 15 16 17 18 19 20 21 * 23 24 25 26 27 28 29 30 31 32 * 34 35 36 37 38 * 40 41 * 43 44 45 46 
4 5 6 7 8 9 10 11 12 13 14 15 16 17 18 19 20 21 22 23 24 25 26 27 28 * 30 31 32 33 34 35 36 37 38 39 40 41 42 43 44 45 46 47 48 * 50 * 52 53 54 55 56 57 58 * 60 61 62 63 64 * * 67 68 69 70 71 72 73 74 75 76 77 78 79 80 81 82 * 84 * 86 87 88 89 90 91 92 93 94 95 * * 98 99 * 1 * 3 
89 * 91 92 * 94 95 * 97 98 99 100 1 2 3 4 5 6 7 8 9 * 11 12 13 14 15 16 17 18 19 20 21 22 23 24 25 26 * * 29 30 31 32 33 34 35 36 37 38 39 * 41 42 43 44 * 46 47 48 49 50 51 52 53 54 55 56 * 58 59 60 61 62 * 64 65 66 67 68 69 70 71 * 73 * 75 76 * 78 79 80 81 82 83 84 * 86 87 88 
81 82 83 * * 86 87 88 89 90 91 * * * 95 96 97 98 * 100 1 2 3 4 5 6 7 8 9 10 11 12 13 * 15 16 17 18 19 20 21 22 23 24 25 26 * 28 29 30 31 32 33 34 35 36 37 38 * 40 41 42 43 44 45 46 47 48 49 50 51 52 53 54 55 56 57 58 59 60 61 62 63 * 65 * 67 68 69 70 71 72 73 74 75 76 77 78 79 80 
58 * 60 61 62 63 64 65 66 67 68 69 70 71 72 73 74 75 76 77 78 79 80 81 82 83 * 85 86 87 * * 90 91 92 93 * * 96 97 98 99 100 1 * 3 4 * 6 7 8 9 10 11 12 * 14 * * 17 * 19 20 21 22 23 24 25 26 27 28 29 30 31 32 33 * 35 36 37 38 39 40 41 42 * 44 45 46 47 48 49 50 51 52 53 54 * 56 57 
24 * 26 27 28 29 30 31 32 33 34 35 36 37 38 39 40 41 * 43 44 45 46 47 48 49 50 51 52 53 54 55 * 57 58 59 60 61 62 63 64 65 66 67 68 69 70 71 72 73 * 75 76 77 78 79 80 81 82 * 84 85 86 87 * 89 90 91 92 93 * 95 96 97 98 99 100 1 2 3 4 5 6 7 8 9 10 11 12 13 * 15 16 17 18 19 * 21 22 23 
29 30 31 32 33 34 35 36 37 38 * 40 41 42 43 44 45 46 47 48 49 50 51 52 53 54 55 56 57 58 59 60 * 62 63 64 65 66 67 68 69 70 71 72 73 74 75 * 77 78 79 80 81 82 83 * 85 86 87 88 89 90 91 * 93 94 95 96 97 98 99 100 1 2 3 4 5 6 * 8 9 10 11 12 13 14 15 * * 18 19 20 21 22 23 24 25 26 * * 
69 70 71 72 73 74 * 76 77 78 79 80 81 82 83 * * 86 * 88 89 90 91 92 93 94 95 96 97 98 99 100 1 2 3 4 5 6 7 8 9 10 11 12 13 14 15 16 17 * 19 20 21 22 23 24 25 26 27 * 29 30 31 32 33 34 35 36 * 38 39 40 41 42 43 44 45 46 47 48 49 50 51 52 53 54 * 56 57 58 59 60 61 62 63 64 65 66 67 68 
82 83 84 85 86 87 88 89 90 91 * 93 94 95 96 97 98 99 * 1 2 3 4 * 6 7 8 9 10 11 12 13 14 15 16 17 18 19 20 21 22 23 24 25 26 27 28 * 30 31 32 33 34 35 36 * 38 39 40 41 42 * 44 * 46 47 48 49 50 51 52 53 54 55 56 * 58 59 60 61 * 63 64 65 66 67 68 69 70 71 72 73 74 75 76 77 78 79 80 81 
* 96 97 * 99 100 1 2 3 * 5 6 7 8 9 10 11 12 13 14 15 16 17 * 19 * 21 22 23 24 25 26 27 28 29 30 31 32 33 34 35 36 37 38 39 40 41 42 43 44 45 46 47 48 49 50 51 52 53 * 55 56 57 58 59 60 61 62 63 64 65 66 67 68 69 70 71 72 73 74 75 76 77 78 79 80 81 82 83 84 85 86 87 88 89 90 91 92 93 * 
* 74 75 76 77 78 79 80 81 82 83 84 85 * 87 88 * 90 91 92 93 94 95 96 97 98 99 100 1 2 3 4 5 6 7 8 9 10 11 12 * 14 15 16 17 18 19 20 21 22 * 24 25 26 27 28 29 30 31 32 33 34 35 36 37 38 39 40 41 42 43 44 45 46 47 48 49 50 51 52 53 54 55 56 57 58 59 60 61 * 63 64 65 66 67 68 * 70 71 72 
* 6 7 8 9 10 11 12 13 14 15 16 17 18 19 20 21 22 23 24 25 26 27 28 29 30 31 32 33 34 35 36 37 38 39 40 41 42 * 44 45 46 47 48 49 * 51 * * 54 * 56 57 58 59 * 61 62 63 64 65 66 67 68 69 70 71 * 73 74 75 76 77 78 79 80 81 82 83 84 85 86 87 88 89 90 91 92 * 94 95 96 97 98 99 100 1 2 3 4 
64 65 66 67 * 69 70 71 72 73 74 75 * 77 78 79 80 81 82 83 84 85 * 87 88 * 90 91 92 93 94 95 96 97 98 99 100 1 2 3 4 5 6 7 8 9 10 11 12 13 14 15 16 17 * 19 20 21 22 23 * 25 26 27 28 29 30 31 * 33 34 35 36 37 38 39 40 41 * 43 44 45 46 47 48 49 50 51 52 53 54 55 56 57 58 59 60 61 * 63 
90 91 92 93 94 95 96 97 98 99 100 1 * * 4 5 6 7 8 9 10 11 12 13 14 15 16 17 18 19 20 21 22 23 * 25 26 * 28 29 30 31 32 33 34 35 36 37 38 * * 41 42 43 * 45 46 47 48 49 * 51 52 53 54 55 56 57 58 59 60 61 62 * 64 65 66 * 68 69 70 71 72 73 74 75 76 * 78 79 80 81 82 83 84 85 86 87 88 * 
35 36 37 38 39 40 41 42 43 44 45 * 47 48 49 50 51 52 53 54 55 * 57 58 59 60 61 62 63 64 65 66 67 68 69 70 71 72 73 74 75 76 77 78 79 80 * 82 83 84 85 86 87 88 89 90 91 92 93 94 95 96 97 * 99 100 1 2 3 4 5 6 7 8 * * 11 12 13 14 * 16 * 18 19 20 21 22 23 24 25 26 27 28 29 30 31 32 33 34 
97 98 99 100 1 * 3 4 5 6 * 8 9 10 11 12 13 14 15 16 * 18 19 20 21 22 23 24 25 26 * 28 29 30 31 32 33 34 35 36 37 38 39 40 41 42 43 44 45 46 47 48 49 50 51 52 53 54 55 56 57 58 59 60 61 62 63 64 65 66 67 68 69 70 71 72 73 74 75 76 77 78 79 80 81 82 83 84 85 * 87 * 89 90 91 92 93 94 95 96 
20 21 * 23 24 25 26 27 28 29 30 31 32 33 34 35 36 37 38 39 40 41 42 43 44 45 46 47 48 49 50 51 * 53 54 55 56 * 58 59 60 61 62 63 64 65 66 67 68 69 70 71 * * 74 75 * 77 * 79 80 81 82 83 84 85 86 87 88 89 90 91 92 93 94 95 96 97 98 99 100 1 * 3 4 5 6 7 8 9 10 11 12 13 14 15 16 17 18 19 
96 97 98 99 100 1 2 3 4 5 6 7 8 9 10 11 12 13 14 15 16 17 18 19 20 21 22 23 24 25 26 27 * 29 30 31 32 33 34 35 36 37 * 39 40 41 42 43 44 45 46 * 48 49 50 51 * 53 54 55 * 57 58 59 * 61 62 63 64 65 66 67 68 69 70 * 72 73 74 75 76 77 78 * 80 81 82 83 84 85 86 87 * 89 90 91 92 93 94 95 
* 40 41 42 43 44 45 46 47 48 49 50 51 52 53 54 55 56 57 58 59 60 61 62 * 64 65 66 67 68 69 70 71 72 73 74 75 76 77 78 79 80 81 82 83 84 85 86 87 * 89 90 91 92 93 94 95 96 97 * 99 100 1 2 3 4 5 * 7 8 9 10 11 12 13 14 15 16 * 18 19 20 21 22 23 24 25 26 27 28 29 30 * 32 33 34 35 36 37 38 
91 92 93 94 95 96 97 98 99 100 1 2 3 * 5 6 7 8 9 10 11 * 13 14 15 16 17 * 19 20 21 22 23 * 25 26 27 28 29 30 31 * * 34 35 36 37 38 39 40 * 42 43 44 45 46 47 48 49 50 51 52 53 54 * 56 57 * 59 60 61 62 63 64 65 66 67 68 * * 71 72 73 74 75 76 77 78 79 80 * 82 83 84 85 86 87 88 * 90 
41 42 43 * 45 46 47 48 * 50 51 52 53 54 55 56 57 58 59 * 61 62 63 64 65 66 67 68 69 70 71 72 73 74 75 76 77 78 79 80 81 82 83 84 85 86 87 88 89 90 91 92 93 94 95 96 97 98 99 100 * 2 3 4 5 6 7 8 9 * * 12 13 14 15 16 17 18 19 * 21 * 23 24 25 26 27 28 29 30 31 32 33 34 35 36 37 * 39 40 
37 38 39 * 41 42 43 44 45 46 47 48 49 50 51 * 53 * 55 * 57 58 59 60 61 62 63 * 65 66 67 68 69 70 71 72 73 74 75 76 77 78 79 * 81 82 83 84 85 86 87 88 89 90 91 92 93 94 95 * 97 98 99 100 1 2 3 4 5 6 7 8 9 10 11 12 13 14 15 16 17 18 19 20 21 22 23 24 25 26 27 28 29 30 31 32 33 34 35 36 
* 75 76 77 78 79 80 81 82 83 84 85 86 87 88 89 90 91 * 93 94 95 * 97 98 99 * 1 2 3 4 5 6 7 8 9 10 11 12 13 14 15 16 17 18 19 20 21 22 23 24 25 26 27 * 29 30 31 32 33 34 * 36 37 38 39 40 41 42 43 44 45 46 * 48 49 50 * 52 53 54 55 56 57 58 59 60 61 62 63 64 65 66 67 68 * * 71 72 73 
46 * 48 * 50 51 52 53 54 * 56 57 58 59 60 * 62 63 * 65 66 * 68 69 70 71 72 73 74 75 76 * 78 79 80 81 82 83 84 85 86 87 88 89 90 * 92 93 94 * * 97 98 99 100 1 2 3 4 5 6 7 8 9 10 11 12 13 14 15 16 17 18 * 20 21 22 23 24 25 26 27 28 29 30 31 32 33 34 35 36 37 38 39 40 41 42 43 44 45 
* 61 62 63 64 65 66 67 * 69 70 71 72 73 * 75 76 77 78 79 80 81 82 83 84 85 86 87 88 * 90 91 92 93 94 95 96 97 98 99 100 1 2 3 4 * 6 7 8 9 10 11 12 13 14 15 16 17 18 19 20 21 22 23 24 25 26 27 28 29 30 31 32 33 34 35 36 37 38 * 40 41 42 * 44 45 * 47 48 49 50 51 52 53 54 55 * 57 58 59 
50 51 52 53 54 55 56 57 58 59 60 * 62 63 64 65 * 67 68 69 70 71 72 73 74 75 76 77 78 79 80 81 82 83 84 85 86 87 88 89 90 91 92 93 94 * * 97 98 99 100 1 2 3 4 5 6 7 8 * 10 11 12 13 14 15 16 17 18 19 20 * 22 23 24 25 * 27 28 29 30 31 32 33 34 35 36 37 38 39 40 41 42 * 44 45 46 47 48 49 
40 41 42 43 44 45 46 47 48 49 50 51 52 53 54 55 56 57 58 59 60 61 62 63 64 65 66 67 68 69 70 71 72 73 74 75 76 77 * 79 80 81 82 83 84 85 86 87 88 89 90 91 92 93 94 * 96 * * 99 * 1 * 3 4 5 6 7 8 9 10 * 12 13 14 15 16 17 18 19 20 21 22 * 24 25 26 27 28 29 30 31 32 33 34 35 36 * 38 39 
44 45 46 47 48 49 50 51 52 * 54 55 56 57 58 * 60 * * 63 64 65 66 67 68 69 70 71 72 73 74 75 76 77 78 * 80 81 82 83 84 85 86 87 88 89 90 91 92 93 94 95 96 * 98 99 100 1 * * * 5 6 7 8 9 10 * * 13 14 15 16 17 18 19 20 * 22 23 24 25 * 27 28 29 30 * 32 33 34 35 36 37 38 39 40 41 42 43 
62 * 64 65 * 67 * 69 70 * 72 73 74 75 76 77 78 79 80 * 82 83 84 85 86 87 88 89 90 91 92 93 94 95 96 97 98 99 100 1 2 3 4 5 6 7 8 9 10 11 12 13 14 15 16 17 18 19 20 21 22 23 24 25 26 27 28 29 30 31 32 33 34 35 36 37 38 39 * 41 42 43 44 45 46 47 * 49 50 51 52 53 54 55 56 57 * * 60 * 
11 12 13 14 15 16 17 18 19 20 21 22 23 * 25 * 27 28 29 30 * * 33 34 35 36 * 38 39 40 41 42 43 * 45 46 * 48 49 50 51 52 53 54 * 56 57 58 59 * 61 62 63 64 65 66 67 68 69 70 71 72 73 74 75 76 77 78 * 80 81 82 83 84 * 86 87 88 89 * 91 92 93 94 * 96 97 * * 100 1 2 3 4 * 6 7 8 9 10 
34 35 36 37 38 39 40 41 42 43 44 45 46 47 48 49 50 51 52 * 54 55 * 57 58 59 60 * 62 63 64 65 66 67 68 69 70 71 72 73 * 75 76 77 78 79 80 81 82 83 84 85 86 87 88 89 90 91 92 93 * * 96 97 98 * 100 1 2 3 4 5 6 7 8 9 10 * * 13 14 15 16 17 18 19 20 21 22 23 24 25 26 27 28 29 30 31 32 33 
87 88 89 90 91 92 93 94 95 96 97 98 99 100 * 2 3 4 5 6 7 * 9 10 11 12 13 14 15 16 17 * 19 20 21 22 23 24 25 26 27 28 29 30 31 32 33 34 35 * 37 38 39 * 41 42 43 44 * 46 47 48 49 50 51 52 * 54 55 56 57 58 59 60 61 * 63 64 65 66 67 68 69 70 71 72 73 74 75 76 77 78 79 80 81 82 83 84 85 86 
75 76 * 78 79 * 81 82 83 84 85 86 87 88 * 90 91 * 93 94 95 96 97 98 99 100 1 2 3 4 5 6 7 8 9 * 11 12 13 14 15 16 17 18 19 20 21 22 23 24 25 26 27 28 29 30 31 32 33 34 35 36 37 38 39 40 41 42 43 44 45 46 47 48 49 50 51 * 53 54 * 56 57 58 59 60 61 62 63 64 65 66 67 68 69 70 71 72 73 74 
12 13 14 15 16 17 18 19 20 21 22 23 24 25 * 27 28 29 30 * 32 33 * 35 36 * * * 40 41 42 43 44 45 46 47 48 49 50 51 52 53 54 55 56 57 58 59 60 61 * 63 64 65 66 67 68 69 70 71 72 73 74 75 76 77 78 79 80 81 82 83 84 * 86 87 * 89 90 91 92 * 94 95 * 97 98 * 100 1 * 3 * 5 6 7 8 9 10 * 
22 23 24 25 26 * 28 29 30 31 32 33 34 35 36 37 38 39 40 41 42 43 44 45 46 47 48 49 50 51 52 53 54 55 56 57 58 59 60 61 62 63 64 * 66 67 68 * 70 71 72 73 74 75 76 77 78 79 80 81 82 83 84 85 86 87 * 89 * 91 92 93 94 95 96 97 98 99 * 1 2 3 4 5 6 7 8 9 10 11 12 13 14 15 16 17 18 19 20 21 
71 72 73 74 75 * 77 78 * 80 81 82 83 84 85 86 87 * 89 90 * 92 93 94 * 96 97 98 99 100 * 2 3 4 5 * 7 8 9 10 * 12 13 14 15 16 17 18 19 20 * 22 23 24 25 26 27 28 29 30 * 32 33 34 35 36 37 38 39 40 41 42 43 44 45 46 47 48 49 50 51 * 53 * 55 56 57 58 59 * 61 * 63 64 65 66 67 68 69 70 
8 9 10 11 12 13 14 15 16 17 18 19 20 21 22 * 24 25 26 27 28 29 30 31 32 33 34 35 36 * 38 39 40 41 42 * * 45 46 47 48 49 50 51 52 53 54 55 56 57 58 59 60 61 62 63 * 65 66 67 68 69 70 71 72 73 74 75 76 77 78 79 80 81 82 83 84 85 86 87 88 89 90 91 92 93 94 * 96 97 98 99 100 1 * 3 * 5 * 7 
* 33 34 35 36 37 38 39 40 41 42 43 44 45 * 47 48 49 50 51 52 53 54 55 56 57 58 59 60 61 62 63 64 65 66 67 68 * 70 71 72 73 74 75 * 77 78 79 80 81 82 83 84 85 86 87 88 89 90 91 92 93 94 95 96 97 * 99 100 1 2 3 4 5 6 7 8 9 10 11 12 * 14 15 16 17 18 19 20 21 22 * 24 * 26 27 28 29 30 31 
16 * 18 19 20 21 22 23 24 25 26 27 28 29 30 31 32 33 34 35 * 37 38 39 40 41 42 43 44 45 46 47 48 49 50 51 * 53 54 55 56 57 58 59 * 61 62 63 64 65 66 67 68 69 70 71 * 73 74 75 76 77 78 79 80 81 82 * 84 85 86 87 88 89 90 91 92 93 94 95 96 97 98 99 100 1 2 3 4 * 6 7 8 9 * 11 12 * * 15 
49 50 51 52 53 54 55 56 57 58 59 60 61 62 63 64 65 66 67 68 69 70 71 72 73 74 75 76 77 78 79 80 81 82 * 84 * 86 87 88 89 90 91 92 93 94 95 96 97 98 99 100 1 2 3 4 5 * 7 8 9 * 11 12 13 14 15 16 17 18 19 20 21 22 23 24 25 26 27 28 29 30 31 32 33 34 35 36 37 38 39 40 41 42 43 * 45 46 47 48 
13 14 15 16 * 18 19 20 21 22 23 24 25 26 27 * 29 30 31 32 33 34 35 36 37 38 39 40 41 42 43 44 45 46 47 48 49 50 * 52 53 54 55 56 57 58 59 60 61 62 63 64 65 66 67 68 * 70 71 72 73 74 75 76 77 78 79 80 81 82 * 84 85 86 87 88 89 90 91 92 93 94 95 96 97 98 99 100 1 2 3 * 5 6 7 8 9 10 11 12 
10 11 12 13 * 15 16 17 18 19 20 21 22 23 24 25 * 27 28 29 30 31 32 * 34 35 36 37 38 * 40 41 42 43 44 45 46 47 48 49 50 51 * 53 54 55 56 57 58 59 60 * 62 63 64 65 66 67 68 69 70 71 72 73 74 75 * 77 * * 80 81 82 * 84 85 86 * 88 * 90 91 92 93 94 95 96 97 98 99 100 * 2 * 4 5 6 7 8 9 
51 52 53 54 55 56 57 58 59 60 61 62 63 64 65 66 * 68 * 70 * 72 * 74 75 76 77 78 79 80 81 * 83 84 85 86 87 * 89 90 * * 93 94 95 96 97 98 99 100 * 2 3 4 5 6 7 8 9 * * 12 13 14 15 16 17 18 19 20 21 * 23 24 25 26 27 * 29 30 * 32 33 34 35 36 37 * 39 40 41 42 43 44 45 46 47 48 49 50 
6 7 8 9 10 * 12 13 14 15 16 17 18 19 20 21 22 23 24 25 26 27 28 29 * 31 32 33 34 * 36 37 38 39 40 41 42 43 44 45 46 47 48 49 50 51 * 53 * 55 56 57 58 59 * 61 62 63 64 * 66 67 68 69 70 71 72 73 74 75 76 77 78 79 80 81 82 83 84 85 86 87 88 89 90 91 92 93 94 95 * 97 98 99 100 1 2 3 4 5 
14 * 16 17 18 19 20 21 22 23 24 25 26 27 28 29 30 31 * 33 34 35 36 37 38 39 40 * 42 43 44 45 46 47 48 49 50 51 52 53 54 55 56 57 58 59 60 61 * 63 64 65 66 67 68 69 70 71 72 73 74 75 76 77 78 79 80 81 82 83 84 85 86 * 88 89 90 91 92 93 94 95 96 97 98 99 100 1 2 3 4 5 6 7 8 * 10 11 12 13 
28 29 30 31 32 33 34 35 * 37 38 39 40 41 42 43 44 45 * 47 48 49 * 51 52 53 54 55 56 57 58 59 * 61 62 63 * 65 66 67 * 69 70 * 72 73 * 75 76 77 78 * * 81 * * 84 85 86 * 88 89 90 91 92 93 94 95 96 97 98 99 100 1 2 * 4 5 6 7 8 9 10 11 12 13 14 15 16 17 18 19 20 21 22 23 * 25 26 27 
1 2 * 4 5 6 7 8 9 10 11 12 13 14 * 16 17 18 * 20 21 22 23 24 25 26 27 28 * 30 31 32 33 34 * 36 37 38 39 40 * 42 * 44 45 46 47 48 * 50 51 52 53 54 55 56 * 58 59 60 61 62 63 64 65 66 67 68 69 70 71 72 73 74 75 76 77 78 79 80 81 82 83 84 85 86 87 88 89 90 91 92 93 94 95 96 97 98 99 100 
79 80 81 * 83 84 85 86 87 88 89 90 91 92 93 94 95 96 97 98 99 100 1 2 * 4 5 6 7 8 * 10 11 12 13 14 15 16 17 18 19 20 21 22 * 24 25 26 27 28 29 * 31 * 33 34 35 36 37 38 39 40 41 42 43 44 45 46 47 48 49 50 51 52 53 54 55 56 57 * 59 60 61 62 63 64 65 66 67 68 69 70 71 72 73 74 75 76 77 78 
93 94 * 96 * 98 99 100 1 2 3 4 5 6 * 8 9 10 11 12 13 * 15 16 17 18 19 20 21 22 * 24 25 26 27 28 * 30 31 32 33 34 35 36 37 38 39 40 * * * 44 * 46 47 48 49 50 51 52 53 54 55 56 57 58 59 60 61 62 63 64 65 * 67 68 69 * 71 72 73 * 75 76 77 78 79 80 81 82 83 84 85 86 * * 89 90 91 * 
98 * 100 1 2 * 4 5 6 7 8 9 10 11 12 13 14 15 16 17 18 19 20 21 22 23 24 25 26 27 28 29 30 31 32 33 34 35 36 37 38 39 40 41 42 43 44 45 46 47 48 49 50 51 52 53 54 55 56 57 58 59 60 61 62 63 64 65 66 67 68 69 70 71 72 * 74 75 * 77 78 79 80 81 82 83 84 85 86 87 88 89 90 91 * 93 94 95 96 * 
72 73 74 75 76 77 78 79 80 81 82 83 * 85 * 87 88 89 90 91 92 93 94 95 96 97 98 99 100 1 2 * * 5 6 7 8 9 10 * 12 13 14 15 16 17 18 19 20 21 22 23 24 25 26 27 28 29 30 31 32 33 34 35 36 37 38 39 * 41 42 43 44 45 46 47 48 49 50 51 * 53 54 55 56 57 58 59 60 61 62 63 64 65 66 67 68 * 70 71 
18 19 20 21 22 23 24 25 26 27 28 29 30 31 32 33 34 35 36 37 38 39 * 41 42 43 44 45 46 47 48 49 50 51 * 53 54 * 56 57 58 59 60 61 62 63 64 65 66 67 68 69 70 71 72 73 74 * 76 * 78 79 80 81 82 83 84 85 86 87 88 89 90 91 92 93 94 95 96 97 98 99 100 1 2 3 4 * 6 7 8 9 10 11 12 13 14 15 16 17 
80 81 82 * 84 85 86 87 88 89 90 91 92 93 94 95 96 97 * 99 100 1 2 3 4 5 * 7 8 9 10 11 12 13 14 15 16 17 18 19 * 21 22 23 24 25 26 27 28 29 30 31 32 33 34 35 36 37 38 39 40 41 42 43 44 45 46 47 48 49 50 51 * 53 54 55 56 57 58 * 60 61 62 63 64 65 66 67 68 * 70 71 72 73 74 75 76 * 78 79 
38 39 40 41 42 43 44 45 46 47 48 49 * 51 52 53 54 55 56 57 58 59 60 61 62 * 64 65 66 67 68 * 70 * 72 73 74 75 76 77 78 79 80 81 82 83 84 85 86 87 88 89 90 91 92 93 * 95 96 97 * 99 100 1 2 3 4 5 * 7 8 9 10 11 12 * 14 15 16 17 18 19 20 21 22 23 24 25 * 27 28 29 * 31 32 33 34 35 36 37 
17 18 19 20 21 22 23 24 25 26 * 28 29 30 31 32 33 * 35 36 37 38 39 40 * 42 43 44 45 46 47 48 49 50 51 52 53 54 55 56 57 58 59 60 61 62 63 * 65 66 67 68 69 * 71 72 73 74 75 76 77 78 79 80 81 82 83 84 85 86 87 88 89 90 91 92 93 * 95 96 * 98 99 100 1 2 3 4 5 6 7 8 9 10 11 12 13 14 15 16 
54 55 56 57 58 * 60 61 62 63 64 65 66 67 * * 70 71 72 73 74 75 76 77 78 79 80 81 82 83 84 85 86 87 88 89 90 91 92 93 94 95 96 97 98 99 * 1 2 3 4 5 6 7 8 * * 11 12 13 14 15 16 17 18 19 20 21 22 23 24 25 26 27 * 29 30 31 32 * 34 * 36 37 38 39 40 41 42 43 44 45 46 47 48 49 50 51 52 53 
78 79 80 81 82 * 84 85 86 87 88 89 * 91 92 93 94 95 96 97 98 * 100 1 2 3 4 * 6 7 8 9 10 11 12 13 * 15 16 17 18 19 20 21 22 23 24 25 * 27 28 29 30 31 32 33 34 35 36 37 * * 40 41 * 43 44 45 * 47 48 49 50 * 52 53 54 55 56 57 58 59 60 61 * * 64 * 66 67 68 69 70 71 72 73 74 * 76 77 
26 27 28 29 30 31 32 33 34 35 * 37 * 39 40 41 42 43 44 45 46 47 48 49 50 51 52 53 54 55 56 * 58 59 60 61 62 63 64 65 66 67 68 69 70 * 72 73 74 75 76 77 78 79 80 81 82 83 84 85 * 87 88 89 90 91 92 93 94 95 96 97 98 99 100 1 2 3 4 5 6 7 8 9 10 11 12 13 14 15 16 17 * 19 20 * 22 23 24 25 
99 100 1 * 3 4 5 6 7 8 9 * 11 12 13 14 15 16 17 18 19 20 * 22 23 * 25 26 27 28 29 30 31 32 33 34 * 36 37 38 * 40 41 42 43 44 45 46 47 48 49 * 51 52 53 54 55 * 57 58 59 60 * 62 63 64 65 66 67 68 69 70 71 72 73 74 75 76 77 78 79 80 * * 83 84 85 86 87 88 89 90 * 92 93 94 95 96 97 98 
48 49 * 51 52 53 54 55 56 57 58 59 60 61 62 63 64 65 66 67 68 69 70 71 72 * 74 * 76 77 78 79 80 81 82 83 84 85 86 87 88 89 90 91 92 93 * 95 96 97 98 99 100 1 2 3 4 5 6 7 8 9 10 11 12 13 14 15 16 17 * 19 20 * * 23 24 25 26 27 28 29 30 * 32 * 34 35 36 37 * 39 40 41 42 43 44 45 46 47 
30 31 32 33 * 35 36 * 38 39 40 41 42 43 44 45 46 47 48 49 50 51 52 53 54 55 56 57 58 59 60 61 62 63 64 65 66 67 68 * * 71 72 73 74 75 76 77 78 79 80 81 82 83 84 85 86 87 88 89 90 91 92 93 94 95 96 97 98 99 100 * 2 3 4 5 6 7 * 9 10 11 12 13 14 15 16 17 18 19 20 21 22 23 24 25 26 27 28 29 
70 71 72 73 74 75 76 77 78 79 80 81 82 83 84 85 86 87 88 89 90 91 92 93 * 95 96 97 98 99 100 1 2 3 4 5 6 7 8 9 10 11 12 13 14 15 16 * 18 * 20 21 22 23 24 25 26 27 28 29 30 * 32 33 34 35 36 37 38 39 40 41 42 43 44 45 46 47 48 49 50 51 52 53 54 55 * 57 58 59 60 61 62 63 64 65 66 67 68 * 
* 56 57 58 59 * 61 62 63 * 65 66 67 68 69 70 71 72 * 74 75 76 77 78 79 80 81 82 83 84 85 86 87 88 * 90 91 92 93 94 95 96 97 98 99 100 1 2 * 4 5 6 7 8 9 10 11 12 13 14 15 16 17 18 19 20 21 * 23 * 25 26 27 28 29 30 31 32 * 34 35 36 37 38 39 40 41 42 43 44 45 46 47 48 49 50 51 52 53 54 
19 20 21 22 23 24 25 26 27 28 29 30 31 32 33 34 35 36 37 38 39 40 41 42 43 * 45 46 47 48 49 50 51 52 53 54 55 56 57 58 59 60 61 62 * * 65 * 67 68 69 70 71 72 73 74 75 76 77 78 79 80 81 82 83 84 85 * 87 * 89 90 91 92 93 94 95 96 97 98 99 100 1 2 3 4 5 6 7 8 9 10 11 * 13 14 15 16 17 18 
66 67 68 69 70 71 72 73 74 75 76 77 78 * 80 81 82 83 84 85 86 * 88 * 90 91 92 93 94 95 96 97 * 99 100 1 2 3 4 5 6 7 8 9 * 11 12 * 14 15 16 17 18 19 20 21 22 23 24 25 26 27 28 29 30 31 32 33 34 35 36 37 38 39 * 41 42 43 44 45 46 47 48 49 50 * * 53 54 55 56 * * 59 60 61 * 63 64 65 
77 78 79 80 81 82 * 84 85 86 87 88 89 90 91 92 93 94 95 * 97 98 99 100 1 2 * 4 5 * 7 8 * 10 11 * 13 14 15 16 17 18 19 20 21 22 23 24 25 26 27 28 29 30 31 32 * 34 35 36 37 38 39 40 41 42 43 44 45 46 47 48 * 50 51 52 53 54 * * 57 58 59 60 61 62 63 64 * 66 67 68 69 70 71 72 73 74 * * 
* * 23 24 25 26 27 28 29 30 31 32 33 34 35 36 37 38 39 40 * 42 43 44 45 46 47 48 49 * 51 52 53 54 55 * 57 58 59 60 61 * 63 64 65 66 67 68 69 70 71 72 73 74 75 76 77 78 79 80 81 82 83 84 85 86 87 88 89 90 91 92 93 94 95 96 97 98 99 100 1 * 3 * 5 6 7 8 9 10 11 12 13 14 15 16 17 18 19 20 
100 1 2 3 4 5 6 7 8 9 10 11 12 13 14 15 16 17 18 19 20 21 22 * 24 25 26 27 28 29 30 31 32 33 34 35 36 37 38 39 40 41 42 43 44 45 * 47 * * * 51 52 53 54 55 56 57 58 59 60 * 62 63 64 65 66 67 68 69 70 71 72 73 74 75 76 77 * 79 80 81 82 83 84 85 86 * 88 89 90 91 92 93 94 95 96 97 98 99 
65 66 67 68 69 70 71 72 73 74 75 76 77 78 79 80 81 * 83 84 85 86 87 88 * 90 91 * 93 94 95 96 97 98 99 * 1 2 3 4 5 6 7 8 9 * 11 * 13 14 15 16 17 18 19 20 21 22 23 24 * 26 27 28 29 30 31 32 33 34 35 36 37 * 39 40 41 42 43 44 * 46 47 48 49 50 51 52 53 54 55 56 57 58 59 60 61 62 * 64 
67 68 69 70 71 72 73 74 75 76 77 78 79 80 81 82 * 84 85 86 87 88 89 90 91 * 93 94 95 96 97 98 99 100 * 2 * 4 5 6 * 8 9 10 11 12 13 14 15 * 17 18 19 20 * 22 23 24 25 26 27 28 * 30 31 32 33 34 35 * 37 38 39 40 41 42 43 44 45 46 47 48 49 50 51 52 53 54 55 56 57 58 59 60 61 62 63 64 65 66 
27 28 29 30 * 32 33 34 * 36 37 38 39 40 41 42 43 44 45 46 47 48 49 50 51 52 53 54 55 56 57 58 59 * 61 62 63 * 65 66 67 68 * 70 71 72 73 74 75 76 77 78 79 80 81 82 83 84 85 86 87 88 89 90 91 92 93 94 95 96 97 98 * 100 1 2 3 4 5 6 7 8 9 10 11 * 13 14 * * 17 18 19 20 21 22 23 24 25 26 
88 89 90 91 92 93 94 95 96 97 98 99 100 * 2 3 4 5 6 * 8 9 10 11 12 13 14 15 * 17 18 19 20 21 22 23 24 25 26 27 28 29 30 31 32 33 34 35 36 37 38 39 40 41 * 43 44 45 46 47 48 49 50 51 52 53 54 55 * 57 * * 60 61 62 * 64 * 66 67 68 69 70 71 72 73 74 75 76 77 * 79 80 81 82 83 84 85 86 87 
63 64 65 66 67 68 * 70 71 * 73 74 75 76 77 78 79 80 81 82 83 84 85 86 87 * 89 90 91 92 93 94 95 96 97 98 99 100 1 2 3 4 5 6 * 8 9 10 11 12 13 14 15 16 17 18 19 20 21 22 23 24 25 26 27 28 29 30 31 32 33 34 35 36 37 38 39 40 * 42 43 44 45 46 47 * * 50 51 * 53 54 55 56 57 58 * 60 61 62 
42 43 44 45 46 47 48 49 50 51 52 53 54 55 56 57 58 59 60 61 62 63 64 * * 67 68 69 70 71 72 73 74 75 76 77 * 79 80 81 82 83 84 85 86 87 88 89 90 91 92 93 94 * 96 97 98 99 100 * 2 3 * 5 6 * 8 9 * 11 12 13 14 * * 17 18 19 20 21 22 23 24 25 26 * 28 29 30 31 32 * 34 35 36 37 38 39 40 41 
9 10 11 12 13 14 15 16 17 18 19 20 21 22 * 24 25 * 27 28 29 30 31 32 33 34 35 36 * 38 39 40 41 42 43 44 45 46 47 * 49 50 51 52 53 54 55 56 57 58 59 * 61 62 63 64 65 66 67 68 69 70 71 72 73 74 * 76 77 78 79 * 81 82 83 84 85 86 87 88 89 90 91 92 93 94 95 96 97 98 99 100 1 2 3 4 5 * 7 8 
3 4 5 * 7 * * 10 11 12 13 * 15 16 17 18 19 20 21 22 23 24 25 * 27 28 29 30 31 32 33 34 35 36 37 38 39 40 41 42 43 44 45 46 47 48 49 50 51 52 53 54 55 56 57 58 59 60 61 * 63 64 65 66 67 68 69 70 71 72 * * 75 76 77 78 79 80 81 82 83 84 85 86 87 88 89 90 91 92 93 94 95 96 97 * 99 100 1 2 
