2 3 4 * 6 7 8 * 10 11 12 * 14 15 * 17 * 19 20 21 22 23 24 25 * 27 28 29 30 31 * 33 34 35 1 
* 20 21 22 23 * 25 26 * 28 29 * 31 * * 34 35 1 2 3 4 5 6 * 8 9 10 11 12 13 14 15 16 17 18 
18 19 20 21 22 23 * 25 26 * * * * * * 33 34 35 * * 3 4 5 6 7 8 9 10 11 12 13 14 15 16 17 
5 * * 8 * 10 11 12 13 * 15 16 17 * 19 * 21 22 23 * 25 26 27 28 29 * * 32 33 34 * 1 2 3 4 
8 9 10 11 12 * 14 15 16 * 18 19 20 21 22 23 24 25 26 27 28 29 * 31 * 33 * 35 1 2 3 4 * 6 7 
33 34 35 * * * 4 * * 7 * 9 10 * * * 14 15 16 * 18 19 * 21 22 23 24 * 26 27 * 29 * * 32 
24 25 * 27 28 * * * * 33 34 35 1 2 3 4 5 * 7 8 9 10 11 12 13 14 15 16 17 18 * 20 * 22 23 
6 7 8 9 10 11 * 13 14 15 16 * * 19 20 21 22 23 24 * 26 * 28 29 * 31 32 * 34 35 1 * 3 4 * 
31 32 33 34 35 * * 3 4 * 6 7 8 9 10 * 12 13 14 15 16 17 18 19 20 21 22 * 24 * 26 27 28 29 30 
17 18 * 20 21 * * 24 25 26 27 28 29 * 31 32 33 * * 1 2 3 4 5 * 7 * 9 10 11 12 13 14 15 * 
20 21 * * 24 * 26 27 28 29 30 31 * 33 34 * * * 3 4 5 6 7 8 9 10 11 12 13 * 15 16 * 18 19 
26 * 28 * 30 * 32 33 * 35 1 2 3 * 5 6 * 8 9 10 11 * 13 14 * 16 17 18 19 * 21 * * 24 25 
* 5 6 7 * 9 10 11 12 13 14 * 16 17 18 19 * 21 * * 24 * 26 * 28 * 30 31 * * * 35 1 2 * 
* 10 11 * 13 14 15 16 17 18 * 20 * 22 * * 25 26 27 28 29 30 31 32 33 * 35 1 2 3 4 5 6 * 8 
7 * 9 10 11 12 * * 15 16 17 18 19 20 21 22 23 24 25 26 27 28 29 30 31 * 33 34 35 1 2 3 4 5 6 
21 * 23 24 25 26 27 28 29 30 31 32 33 * 35 1 2 3 * 5 6 7 8 * 10 11 12 13 14 * 16 17 * * * 
23 24 25 26 27 28 29 30 31 * * 34 35 * 2 3 4 5 6 7 8 9 10 * 12 13 14 15 16 * * 19 20 21 22 
* 14 * 16 17 18 * * 21 22 23 24 25 26 * * 29 30 31 32 33 34 35 1 2 * 4 5 * * 8 9 * 11 * 
16 17 * 19 * * * 23 24 25 26 27 28 29 * 31 32 33 34 35 * 2 * * * 6 7 8 9 * 11 * 13 14 15 
* * * * 18 19 20 21 * 23 * 25 * 27 28 29 30 * 32 33 34 * 1 2 3 4 * * 7 8 9 10 * 12 13 
29 30 31 * * * 35 1 2 3 4 5 6 7 8 * * * 12 13 14 15 16 17 * 19 20 21 * 23 * 25 26 27 28 
12 13 14 15 * 17 * 19 * 21 22 23 24 * 26 * * * * 31 * 33 34 35 1 * 3 4 * 6 7 * 9 10 11 
34 35 * 2 * 4 5 6 7 8 * 10 11 * * * 15 16 17 * 19 * 21 22 * * * 26 * 28 29 30 31 32 33 
* 11 12 13 * * 16 17 18 19 * * 22 23 24 * 26 27 * * * 31 32 33 34 35 1 2 3 * 5 6 7 * 9 
32 33 34 35 1 2 * 4 5 6 * 8 9 10 11 12 13 * 15 * 17 18 * 20 21 * 23 24 * 26 27 28 29 30 * 
15 * 17 18 19 * 21 22 23 * * 26 27 * 29 30 31 32 33 34 * 1 * 3 4 5 6 7 * 9 10 11 * 13 14 
3 4 5 6 7 * 9 10 11 12 13 * * 16 17 18 19 20 21 22 23 24 25 26 27 * * 30 31 * 33 * * * 2 
27 28 29 30 * 32 33 34 35 1 2 3 4 5 6 7 8 9 * 11 * 13 14 15 16 17 * 19 20 21 22 23 * 25 26 
22 23 24 25 26 27 28 29 30 31 * 33 * * 1 2 3 4 5 * 7 * 9 10 11 12 13 14 * 16 17 * 19 20 21 
1 * 3 4 5 6 7 * 9 10 11 12 13 14 * * * 18 19 20 21 22 23 * 25 26 * 28 29 30 * * 33 34 * 
28 29 30 31 32 33 34 * 1 2 * 4 5 6 * * * 10 11 12 13 * * 16 17 18 19 20 21 22 23 24 25 26 27 
* 31 32 * 34 * 1 2 3 4 * 6 7 8 * 10 * * 13 14 15 16 17 18 19 20 21 22 23 24 * 26 27 28 * 
35 * 2 3 * 5 * 7 * 9 10 11 12 13 * * 16 17 * * 20 * * 23 * 25 26 27 * 29 30 * * * * 
25 26 27 28 29 30 31 32 33 34 35 1 * 3 * 5 6 7 8 * 10 11 * 13 14 15 16 17 18 * * * 22 23 24 
* * 13 14 15 16 17 18 * * * 22 23 24 25 26 27 28 * 30 31 32 33 34 35 1 2 3 4 5 6 7 8 * * 
