* * 64 65 1 2 3 * 5 6 7 8 9 10 11 12 13 14 15 * 17 18 19 20 21 22 23 24 25 26 27 * 29 30 31 32 33 34 * * 37 38 39 40 * 42 43 44 * 46 47 48 49 * 51 52 53 54 55 56 57 58 59 60 61 
58 * 60 * 62 63 64 65 1 * 3 * * 6 7 8 9 10 11 12 13 * 15 * 17 18 * * * 22 23 24 25 26 27 * 29 * * * 33 * 35 36 * 38 39 40 41 42 43 44 45 46 47 48 49 50 51 52 53 54 55 56 57 
38 39 40 41 * 43 44 * * * 48 49 50 51 52 53 54 55 * 57 58 59 60 61 62 63 64 65 * 2 3 4 5 * * 8 9 10 11 12 13 * 15 16 17 18 19 20 21 22 * 24 25 26 27 28 * 30 31 32 33 34 * 36 37 
46 47 48 49 50 51 52 53 54 55 56 57 * 59 60 61 62 * 64 * 1 2 * * * 6 7 8 9 10 * 12 13 14 15 16 17 18 19 20 * 22 23 24 25 * 27 28 29 30 31 32 * 34 35 36 37 38 * * 41 42 43 44 * 
8 9 10 11 12 13 * 15 16 17 18 19 20 21 22 23 24 25 26 27 * 29 * 31 32 33 34 35 36 37 38 39 40 * 42 43 44 * 46 47 * 49 50 51 52 53 54 55 56 57 * 59 60 * 62 63 64 65 1 2 3 4 5 6 7 
33 34 35 36 37 38 * 40 41 * * 44 * 46 * 48 49 50 51 52 53 54 55 56 57 58 59 60 61 62 63 * 65 1 2 3 4 5 * * 8 9 * 11 12 13 14 15 * 17 18 19 20 21 22 23 24 25 26 27 28 * 30 31 * 
* * 63 64 65 1 2 3 4 5 * * 8 9 10 * 12 * * 15 16 17 * 19 20 21 22 23 24 25 * * 28 29 30 31 32 * 34 35 36 37 38 * 40 41 42 43 44 * 46 47 48 49 50 51 52 53 * 55 56 * * 59 * 
52 53 * 55 * 57 * 59 60 61 62 63 64 * * * * * 5 * 7 8 9 10 11 * 13 14 * 16 17 18 19 20 21 22 23 24 25 * 27 28 * 30 * * 33 34 35 * * 38 39 40 41 42 43 44 45 46 47 48 49 50 51 
56 57 58 * 60 61 62 63 64 65 * 2 3 4 5 6 7 8 9 10 * 12 13 14 15 16 17 18 19 20 * 22 23 24 25 26 27 28 29 30 31 32 33 34 35 36 37 38 39 * 41 42 43 44 45 46 47 48 49 50 51 52 53 54 * 
44 45 46 47 48 49 * 51 52 53 * 55 56 57 58 59 60 61 62 63 * 65 1 2 3 * 5 6 * * 9 10 11 12 13 * * 16 17 18 19 * * 22 23 24 * 26 27 28 29 30 31 32 33 34 35 36 37 38 39 40 41 42 43 
20 21 22 * 24 25 26 27 28 29 30 31 * 33 * 35 36 37 38 * 40 41 42 43 44 45 46 * 48 49 50 51 * 53 54 55 56 * 58 59 60 61 62 63 64 65 1 * 3 * 5 6 * 8 9 10 11 12 13 14 15 * 17 18 19 
26 27 28 29 * * 32 33 34 35 36 37 38 * 40 41 42 43 44 45 46 47 48 * 50 51 * 53 54 * 56 * * 59 * 61 62 63 64 65 1 2 3 4 5 * 7 8 9 10 11 * 13 14 15 * 17 18 * 20 21 22 23 24 25 
65 1 2 3 4 5 6 7 8 9 10 11 12 13 14 15 16 17 18 19 20 21 * 23 24 25 26 * * 29 30 31 32 33 34 35 36 * 38 * 40 41 42 43 44 * * 47 48 * 50 * 52 53 54 55 56 * 58 * 60 61 62 63 64 
* 55 * 57 58 59 60 * * 63 64 65 1 * * 4 5 6 7 8 9 10 11 12 * 14 * 16 17 18 19 20 21 22 23 * 25 26 27 28 29 * * 32 * 34 * 36 37 38 39 40 41 42 43 44 45 46 * 48 49 50 51 * 53 
7 8 9 10 11 12 13 14 15 16 17 18 * 20 21 * * 24 25 * 27 28 29 30 31 32 33 34 35 36 37 * 39 * 41 42 43 * 45 * 47 48 49 50 51 52 53 54 55 * 57 58 59 60 * 62 63 * 65 * * 3 4 5 6 
* 22 23 24 25 26 27 28 29 30 31 32 33 34 35 * 37 38 39 40 41 42 43 * 45 46 47 48 49 50 * 52 53 54 * 56 57 58 59 * 61 * * 64 * * 2 3 * 5 6 7 8 9 10 11 12 13 14 * 16 * * 19 * 
57 58 59 60 61 * 63 64 65 1 * 3 4 5 6 7 8 9 * 11 12 13 14 * 16 17 18 19 20 21 22 23 24 25 26 27 28 29 30 31 * * 34 35 36 37 38 39 40 * 42 43 44 45 46 47 * 49 50 51 * 53 54 * 56 
* 42 * 44 45 46 47 48 49 50 51 52 * * 55 56 57 58 59 60 61 62 63 64 65 1 2 3 4 * 6 7 8 9 10 11 12 13 14 15 16 * 18 * 20 21 22 * 24 25 26 27 28 29 30 31 32 33 * 35 * 37 38 39 40 
60 61 62 63 64 65 1 2 3 4 * 6 7 8 9 10 11 12 13 14 15 16 17 18 * 20 21 * 23 24 25 * 27 28 29 30 31 32 33 * 35 36 37 38 * * 41 42 43 44 45 * 47 * 49 50 51 * 53 54 55 56 57 58 59 
14 15 16 17 18 19 20 21 * 23 * 25 26 * * * 30 31 32 33 34 35 36 37 38 39 40 41 42 * * 45 46 47 48 49 50 51 52 53 54 55 56 57 58 59 60 61 62 63 64 65 1 2 3 4 5 6 7 8 9 10 11 12 13 
29 30 31 32 33 34 35 36 37 38 39 * 41 42 43 * 45 46 47 48 49 50 * 52 53 54 55 56 57 58 59 60 61 62 63 * 65 1 2 3 * 5 6 7 8 9 * 11 12 13 14 15 16 17 18 19 * 21 * * 24 * 26 27 28 
12 13 14 15 16 17 18 19 * * * 23 * 25 * 27 28 * 30 * 32 33 * 35 36 37 38 * 40 41 42 43 44 45 46 47 48 49 50 51 52 53 54 55 56 57 58 59 60 61 62 * * 65 1 2 3 4 5 6 7 8 9 10 11 
37 38 39 40 41 * 43 44 45 46 47 48 49 50 51 52 53 54 55 56 57 58 59 * 61 62 63 64 65 1 2 3 4 5 6 7 8 9 10 11 12 13 14 15 16 17 18 * 20 21 * 23 24 25 26 27 * 29 30 * 32 33 34 35 36 
10 11 12 13 14 15 16 17 18 19 20 * 22 23 24 25 26 27 28 * * 31 32 33 34 35 * 37 38 39 40 41 42 43 * 45 46 47 48 49 50 51 52 53 54 55 56 57 58 * 60 61 62 * 64 * 1 2 3 4 5 6 * 8 * 
* 49 50 51 * 53 54 * 56 57 * 59 60 61 * 63 64 65 1 2 * * 5 6 7 8 9 10 11 12 13 14 15 * 17 18 19 * 21 * 23 24 25 26 27 28 29 30 31 32 33 34 35 * 37 38 39 40 * 42 43 44 45 46 47 
15 16 17 18 19 20 21 22 * 24 * 26 27 28 29 30 31 32 33 34 35 36 37 38 39 40 41 42 * 44 45 46 47 * 49 50 51 52 53 * 55 56 * 58 59 60 61 62 63 64 * 1 2 3 4 * 6 7 * 9 10 11 * 13 14 
* 4 * 6 7 8 9 10 11 * 13 * 15 16 17 18 19 20 21 22 23 24 25 26 27 * 29 30 31 * 33 34 35 36 * 38 39 40 41 42 43 44 * 46 47 48 * 50 51 52 53 54 55 56 57 58 59 60 61 62 63 64 65 * 2 
53 54 55 56 57 58 * 60 61 * * 64 65 1 * 3 * 5 6 7 8 9 10 * 12 13 14 * 16 17 18 19 * 21 22 * 24 25 26 27 28 29 30 * 32 33 34 35 36 37 38 * 40 * 42 43 44 45 46 47 48 49 50 * 52 
22 23 24 25 * * 28 29 30 31 32 33 34 35 36 * * 39 40 * * * 44 45 * 47 48 49 50 51 * 53 54 55 56 * 58 59 60 61 62 63 64 65 1 * 3 4 * 6 7 * * 10 11 12 13 14 15 16 17 * 19 20 21 
* 46 * 48 49 * 51 52 53 54 55 * 57 58 * * * * 63 64 65 1 2 3 4 5 6 7 8 9 10 11 12 13 14 15 16 17 18 19 20 21 22 23 24 25 26 * 28 29 30 31 * 33 34 * 36 37 38 39 * 41 42 43 44 
59 * 61 62 63 64 65 1 2 * 4 5 * * 8 9 10 11 12 * 14 15 16 17 18 19 * * * 23 * 25 26 27 28 29 30 * 32 33 * 35 36 37 38 39 40 41 * 43 44 45 46 * * 49 50 51 * 53 54 55 56 57 58 
39 40 41 42 43 * 45 46 47 48 49 50 51 52 53 54 55 * 57 58 59 60 61 62 63 * 65 1 2 * 4 5 6 7 8 9 10 11 12 13 14 15 16 * 18 19 20 21 * 23 * 25 26 27 28 29 * * 32 33 34 35 36 * 38 
35 36 37 38 39 * 41 42 43 44 * 46 47 48 * 50 51 * * 54 55 56 57 58 59 * * 62 63 64 65 1 2 3 4 5 6 7 8 9 10 11 12 13 14 15 16 * 18 19 20 * 22 23 * * 26 * 28 29 30 31 32 33 34 
25 26 27 28 * 30 31 32 33 34 35 36 37 38 39 40 41 42 43 44 45 46 47 * 49 50 51 52 53 54 * * 57 58 * * 61 62 63 64 * 1 2 3 4 5 6 * 8 9 10 11 12 13 14 15 16 17 18 19 20 * 22 23 24 
11 * 13 14 15 16 17 18 19 20 21 22 * * 25 26 27 28 29 * 31 32 33 34 35 36 37 38 39 40 * 42 43 * 45 46 * 48 49 50 51 52 53 54 55 56 57 58 59 60 61 62 63 64 65 1 * 3 4 5 6 7 8 9 * 
17 18 19 20 * 22 23 * 25 26 27 28 29 30 * 32 33 34 35 * 37 * * 40 * 42 43 44 45 46 47 48 49 50 51 52 * 54 55 56 57 58 * * 61 62 63 64 65 1 2 * 4 5 6 * 8 9 * 11 * 13 14 15 * 
34 35 36 37 38 39 40 41 42 * 44 45 46 47 48 49 50 51 52 53 54 55 56 57 58 59 60 61 62 63 64 65 1 2 3 4 5 6 7 8 9 * 11 * 13 14 15 16 17 * 19 20 * 22 * 24 25 26 27 28 29 * 31 32 33 
50 51 52 53 54 55 * 57 58 * 60 61 * 63 64 65 1 2 3 * * 6 7 8 9 * * 12 * * 15 * 17 18 19 20 21 22 23 * 25 26 * 28 * * 31 32 33 34 35 * * * 39 40 41 42 * 44 45 46 47 48 * 
51 52 53 * 55 * 57 * 59 60 61 * 63 64 65 1 2 3 4 5 * 7 8 9 * 11 12 13 14 15 16 17 18 19 20 21 22 23 24 25 26 27 28 29 30 31 * 33 34 35 36 37 * 39 40 41 42 43 44 45 * 47 48 49 50 
36 37 38 * 40 41 42 43 44 45 46 47 48 49 50 51 * * 54 55 56 57 58 59 60 61 62 63 64 * 1 2 3 * 5 6 7 8 9 10 11 * * 14 15 16 17 18 19 20 21 22 23 24 25 26 27 28 29 30 * 32 33 34 35 
64 65 1 2 3 4 5 6 7 8 9 10 11 12 13 14 15 16 17 * * * 21 22 23 24 25 * 27 28 29 30 31 * * 34 35 36 * 38 39 * 41 42 43 44 45 46 47 * 49 * 51 52 53 54 55 * 57 58 59 60 * 62 63 
5 6 * 8 9 10 11 12 13 14 15 16 17 18 19 * 21 22 23 * * 26 27 28 29 30 * 32 33 34 * 36 37 38 39 40 41 42 43 44 45 46 47 48 49 * * 52 53 54 * 56 57 58 59 60 61 62 63 64 65 * 2 3 4 
* 2 * 4 5 6 * * 9 10 11 12 13 14 * 16 17 * 19 20 * 22 23 * 25 26 27 28 29 30 31 32 33 34 35 36 37 38 39 40 41 * * 44 * 46 47 48 49 * 51 52 53 * 55 56 57 * 59 60 61 * 63 64 65 
40 41 42 * 44 45 46 47 48 49 50 51 52 53 54 55 * * 58 59 60 * 62 63 64 65 1 * 3 4 5 6 7 8 9 10 11 * 13 14 15 16 17 18 19 20 21 22 23 24 25 26 27 28 29 * 31 * 33 34 35 * 37 38 39 
43 44 45 46 47 48 49 * 51 * 53 54 55 56 57 58 59 60 61 62 63 * * 1 * * 4 5 6 7 8 * 10 * 12 * 14 15 16 17 18 * 20 21 22 23 * 25 * 27 28 * 30 31 * * 34 35 36 37 38 * 40 41 42 
42 43 44 * 46 47 48 49 * 51 52 53 54 * 56 * 58 59 60 61 62 63 64 65 1 2 3 4 * 6 * 8 9 10 11 12 13 14 * 16 17 * * 20 21 22 23 24 25 26 27 28 29 30 31 32 * 34 35 36 37 * 39 40 41 
24 * 26 * 28 29 30 * 32 33 34 35 36 * 38 39 40 41 42 43 44 45 * 47 48 49 50 51 * 53 * 55 56 * * 59 60 * 62 63 * 65 * 2 3 * 5 6 * 8 9 10 11 * * 14 15 16 17 18 19 20 21 22 23 
32 33 34 35 36 37 * 39 * 41 42 43 * 45 46 47 48 49 50 * 52 53 54 55 56 57 58 59 * * * * 64 65 1 2 3 4 5 6 7 8 9 * 11 12 13 14 15 16 17 * 19 20 21 22 23 24 * 26 * 28 * * 31 
* 28 * 30 31 32 33 34 35 36 37 38 39 40 * 42 * 44 45 46 47 48 49 50 * 52 * 54 * 56 * 58 59 60 61 62 63 64 65 * 2 3 4 5 6 * 8 9 10 * * 13 14 15 * 17 18 19 * 21 22 * 24 25 26 
* * 20 21 22 23 24 25 26 27 28 * 30 31 32 33 34 35 36 37 38 39 40 41 42 43 * 45 46 * 48 49 50 51 52 * 54 55 56 57 58 * 60 61 62 63 * * * * * 4 5 * 7 8 9 10 11 12 13 14 15 16 * 
30 31 * 33 34 35 * * * 39 40 41 42 43 44 45 46 * * 49 * 51 52 53 54 55 56 57 58 * * 61 * * 64 65 1 2 3 4 5 6 * 8 9 10 11 12 13 14 15 * 17 18 19 20 21 22 23 24 25 26 27 28 29 
6 * 8 9 * 11 12 13 * 15 16 * 18 19 20 21 22 23 24 25 26 27 28 29 30 * 32 33 34 35 36 37 38 39 * 41 * 43 44 45 46 47 48 * 50 51 52 53 54 * 56 57 * * 60 61 62 63 * 65 * 2 3 4 5 
55 56 57 58 * 60 61 62 63 * * 1 2 3 4 * 6 7 8 9 10 11 * 13 14 15 * * 18 19 20 21 22 23 24 25 26 27 28 29 30 * 32 33 34 * 36 37 38 39 40 * 42 43 * 45 46 * 48 * 50 * 52 * 54 
9 10 * 12 13 14 15 16 * 18 19 20 21 22 23 * 25 26 27 * 29 30 31 32 33 34 * 36 37 38 39 40 41 42 43 * 45 46 47 * 49 50 51 52 53 54 55 56 * 58 59 60 61 * 63 * 65 1 2 3 4 5 6 7 8 
63 64 65 1 2 3 4 5 6 7 8 9 10 11 12 13 14 15 16 17 18 19 20 * * 23 24 25 26 * 28 29 30 31 32 * 34 * * 37 38 * 40 41 42 43 44 45 46 47 48 49 50 * 52 53 * 55 56 57 58 59 * 61 62 
31 * * 34 35 36 37 38 39 40 * 42 43 44 45 46 * 48 49 50 51 52 * 54 55 56 57 58 59 60 61 62 63 64 65 * * 3 4 * 6 * 8 9 10 11 12 13 14 * 16 * 18 19 20 * * 23 24 25 26 27 * 29 * 
23 * 25 26 27 * * * * * 33 34 35 36 37 38 39 40 41 42 43 44 45 46 47 48 49 50 51 * * 54 55 56 57 58 59 60 61 62 63 64 65 1 2 3 4 5 6 7 8 9 * 11 12 13 * 15 16 17 18 19 20 21 22 
19 20 21 22 23 24 25 26 27 28 29 30 31 32 * 34 * 36 37 38 39 * 41 42 43 44 * 46 * 48 * 50 51 52 * 54 55 56 * 58 * 60 61 62 63 64 65 1 * 3 4 5 6 7 * 9 10 11 12 13 14 15 16 17 * 
28 29 30 31 32 33 * * 36 37 38 39 40 41 * 43 44 45 46 47 48 49 50 51 52 * 54 55 56 57 58 59 60 61 * 63 64 65 1 2 3 * * 6 7 * * 10 11 12 13 14 15 16 17 18 19 * * 22 23 24 25 26 27 
* * 18 19 20 21 22 23 * 25 26 27 28 29 30 31 32 33 34 35 36 * 38 39 40 41 42 * 44 45 46 47 48 49 50 51 52 53 54 * 56 57 58 59 60 61 62 63 64 65 * * 3 4 5 6 7 8 9 10 11 12 13 14 * 
47 48 49 50 51 52 * 54 * 56 57 58 * 60 61 62 63 64 65 * 2 3 4 * 6 7 8 9 10 11 * 13 14 15 * * 18 19 20 21 22 * 24 25 26 27 28 29 30 31 32 33 34 35 36 37 38 39 40 41 * 43 44 45 46 
2 3 4 5 6 7 8 * 10 11 12 13 14 15 16 17 18 19 20 21 * 23 24 25 26 * 28 29 30 * * 33 34 * 36 37 38 39 40 41 42 43 44 * 46 * 48 49 * 51 * 53 * 55 56 57 58 59 60 61 62 63 64 65 1 
49 * 51 52 53 * 55 56 57 58 * 60 61 62 63 * 65 1 2 3 4 * 6 7 8 * 10 11 12 13 14 15 16 17 18 19 20 21 22 23 24 25 26 27 28 * 30 * * 33 34 35 * 37 38 39 40 41 42 43 * 45 46 * 48 
13 14 15 * 17 18 19 20 21 22 23 24 25 26 27 28 29 30 31 32 * 34 * 36 37 38 39 * 41 42 * * 45 46 47 48 49 50 51 52 53 54 55 * 57 58 59 60 61 62 63 64 * 1 2 * 4 5 6 7 * 9 10 11 12 
4 5 * 7 8 * 10 11 12 13 14 15 16 17 18 19 * 21 22 23 24 * 26 27 28 29 30 * 32 33 34 35 36 37 * * 40 41 42 43 44 * 46 * 48 49 * 51 52 53 * 55 56 57 58 59 60 61 62 63 64 65 1 2 3 
