8 9 10 * * 13 14 15 16 17 18 19 20 21 22 * * 25 * 27 28 * 30 31 * 33 34 35 * * 38 39 40 * * 43 44 * 46 * 48 49 50 51 52 * 54 * 56 57 58 59 60 1 2 3 * 5 6 7 
57 58 59 60 * 2 3 4 5 6 7 * * * 11 * 13 14 15 16 17 18 * 20 21 22 23 24 25 26 27 28 29 30 31 * * 34 35 * * * * 40 * 42 43 44 45 46 * 48 49 * 51 52 53 54 55 56 
48 49 50 51 52 53 54 55 56 * 58 * 60 * * 3 * * 6 7 * 9 10 * 12 13 14 15 16 17 18 19 * * 22 23 * 25 * 27 28 29 30 31 32 33 * 35 36 * 38 39 * 41 42 43 44 * 46 47 
45 46 47 48 49 50 51 * 53 54 * * 57 * * 60 1 2 3 4 5 * * * 9 * 11 12 13 14 * 16 17 * 19 * 21 22 * 24 25 26 * 28 * 30 31 * 33 34 35 36 37 38 39 * 41 42 43 * 
7 * 9 10 11 12 * 14 15 * * 18 * 20 21 * 23 24 25 26 * * * 30 31 32 33 * 35 36 * * 39 40 * 42 43 44 * 46 * 48 49 50 51 52 53 54 55 56 * 58 59 60 1 2 3 4 * * 
9 10 * 12 13 14 * 16 17 18 19 * 21 22 23 24 * 26 * 28 29 30 31 * * 34 35 * 37 38 39 * 41 42 43 * 45 46 47 48 * * 51 52 53 54 55 * * 58 59 60 1 * 3 4 * 6 7 8 
23 24 25 * 27 28 29 30 * * * 34 * 36 37 38 * * * 42 * * 45 46 47 48 49 50 51 52 53 54 55 56 57 58 * 60 * * * 4 * 6 7 * 9 * 11 12 13 14 15 16 17 18 19 20 * 22 
51 52 53 * 55 56 * 58 59 60 1 2 3 * 5 6 7 8 9 10 11 12 13 * * * * * * * * 22 23 24 * 26 27 28 29 30 31 32 * * * * * 38 39 40 41 * * 44 45 46 47 48 * 50 
56 57 58 59 60 1 * 3 * 5 * * 8 9 10 11 12 13 14 15 16 17 18 19 20 21 22 * 24 25 26 27 28 29 30 31 32 * 34 35 * 37 38 39 40 41 42 * * * 46 47 48 49 50 * 52 53 54 55 
43 44 45 46 47 48 49 50 51 * * 54 55 56 57 58 59 60 1 * 3 4 5 6 7 8 9 10 * 12 * 14 * 16 17 * * 20 21 * 23 24 25 26 27 28 * 30 31 32 33 34 35 36 37 38 39 40 41 * 
* 26 27 * 29 30 31 32 33 34 35 36 37 38 * * 41 42 43 44 45 46 47 48 49 50 51 52 * 54 55 56 57 58 59 60 * 2 * 4 * * 7 8 9 10 11 12 13 14 15 16 17 18 * 20 21 * 23 24 
* 29 30 * 32 33 34 35 36 37 * 39 40 41 42 43 44 * 46 * 48 * 50 51 52 * 54 55 56 57 * * * * 2 3 4 5 6 7 8 9 10 11 12 13 * 15 16 17 * 19 20 21 22 * 24 25 * 27 
* 37 38 39 * 41 * 43 44 45 46 47 48 * 50 51 52 * 54 55 56 57 58 59 60 1 2 * 4 5 6 7 8 * 10 11 12 13 14 * * * * 19 20 21 22 23 24 25 * 27 28 29 30 * * 33 * 35 
53 54 55 56 * * 59 * 1 2 3 4 * 6 * * 9 10 11 12 13 * 15 16 17 18 19 * 21 * 23 24 25 26 27 28 29 30 31 32 * 34 35 * 37 38 39 40 * * 43 44 45 46 * 48 49 50 51 * 
* * 32 33 34 * 36 37 * 39 * * 42 43 44 45 46 47 * 49 50 51 * 53 * 55 56 57 58 * 60 1 2 3 4 5 6 7 8 9 10 * 12 13 14 15 16 17 18 19 20 21 22 23 * 25 26 * * 29 
2 * 4 5 6 7 8 * 10 11 * 13 14 15 * * 18 19 20 21 22 * 24 25 26 * 28 29 * 31 * * 34 * 36 * 38 39 * 41 42 43 44 45 46 47 * 49 * 51 52 53 54 55 * 57 58 * * 1 
15 16 * 18 19 20 21 22 23 * 25 26 27 * 29 30 * 32 33 34 35 36 37 38 39 40 41 42 43 44 45 46 47 48 * 50 51 52 * 54 * 56 57 58 * 60 1 2 3 4 5 6 7 8 * 10 11 * * 14 
59 60 1 2 3 4 5 6 7 8 9 10 * * 13 14 * * 17 * 19 * * 22 * 24 25 26 27 28 29 30 31 * * 34 35 36 37 38 39 40 41 42 43 44 45 46 47 48 49 50 51 * * 54 55 * 57 * 
* 4 5 6 7 8 9 10 * * 13 14 15 16 17 18 19 * 21 22 * * 25 * 27 28 * 30 * 32 33 34 35 36 37 38 39 * 41 * 43 44 * 46 47 48 49 50 51 52 * * 55 56 57 58 59 60 1 2 
52 53 54 55 56 57 58 * 60 * 2 3 4 5 6 * * 9 10 11 12 * 14 15 16 17 18 19 20 21 * 23 24 25 * * 28 29 30 * * 33 34 * 36 * * 39 40 * * 43 44 45 * 47 48 49 50 51 
6 7 8 9 10 11 12 * 14 15 16 * 18 19 20 21 22 23 24 25 * * 28 29 * 31 32 33 34 35 36 37 38 * * * * * 44 * 46 * 48 49 50 51 52 * 54 * 56 57 * 59 60 * * 3 * 5 
18 19 20 21 22 * 24 25 26 27 * 29 * * 32 33 34 35 36 37 38 39 40 41 42 * 44 45 46 47 48 * 50 51 52 53 54 * 56 57 * * 60 * 2 3 4 * 6 7 8 9 * 11 12 * 14 15 16 * 
* * * 36 37 38 39 * 41 42 43 44 * 46 47 48 49 50 * * * 54 55 56 * 58 59 60 1 * * 4 5 * * 8 9 10 11 * 13 14 * 16 17 18 19 20 21 22 23 24 25 26 27 28 29 30 31 32 
31 32 33 34 * * 37 38 39 40 41 42 43 44 45 46 47 48 49 50 51 52 53 54 55 56 57 58 * 60 * 2 3 4 * 6 7 * 9 10 11 * 13 14 15 * * * 19 20 21 22 23 24 25 26 27 28 29 30 
47 48 49 50 * 52 53 54 55 56 57 * 59 60 1 2 * 4 5 * 7 8 9 10 11 12 * 14 * 16 17 18 19 * 21 22 23 24 * 26 * 28 29 30 31 32 33 34 35 36 37 38 39 40 41 * 43 44 45 46 
4 * 6 * * 9 10 11 12 * 14 15 16 17 18 * * * 22 * 24 25 26 * 28 * 30 31 32 * 34 35 36 37 38 39 40 41 42 43 44 45 46 47 48 49 50 51 52 53 * * * * 58 59 60 1 2 * 
10 11 12 13 14 * 16 17 18 19 * 21 22 * 24 25 26 * 28 29 30 * 32 33 34 35 * * 38 39 40 41 42 43 44 45 46 47 * 49 * 51 52 53 54 * * * * * 60 * 2 3 4 5 6 7 * 9 
38 * 40 41 42 * 44 45 46 47 48 49 * 51 52 * 54 55 56 * 58 59 60 1 * 3 4 5 6 * 8 9 10 11 12 13 14 15 16 17 18 19 20 21 22 * 24 25 26 27 28 * 30 * 32 33 34 35 36 37 
* * 60 1 2 3 * * 6 7 8 9 10 11 12 13 * 15 * 17 18 19 20 21 22 * 24 * 26 27 28 29 30 31 32 33 34 * 36 37 38 39 40 * * 43 * 45 46 * 48 * 50 * 52 * * 55 56 57 
* 25 * 27 * 29 30 * 32 33 34 * * 37 38 * * 41 * * 44 45 46 47 48 49 * 51 52 * * 55 * 57 58 * 60 1 2 * * 5 6 7 8 9 10 * 12 13 14 * * * * 19 * 21 22 23 
* 30 31 * 33 34 35 * 37 38 39 * * 42 43 44 45 46 47 * 49 50 51 52 53 54 * 56 * 58 59 60 1 2 3 * 5 * 7 8 9 * 11 * 13 14 15 16 17 18 19 20 21 22 23 24 * 26 * 28 
14 15 * * 18 19 20 21 * * 24 25 26 * 28 29 30 31 32 33 34 35 36 37 38 39 * 41 * * 44 * 46 * 48 49 50 * 52 53 54 55 56 57 58 59 60 * 2 3 4 5 6 7 8 * * 11 12 * 
26 27 * * 30 31 * * 34 35 * 37 * 39 * 41 * 43 * * 46 * 48 * * * * 53 54 55 * 57 58 59 * 1 2 3 * * * 7 8 9 10 11 12 * 14 * 16 17 * 19 20 * 22 23 24 25 
27 28 29 30 31 32 33 34 35 36 37 * 39 * * * 43 44 45 46 * * 49 50 * * * 54 * 56 57 58 59 60 1 2 3 4 5 * * * 9 10 11 * 13 14 15 * 17 18 19 * * 22 * 24 * * 
13 14 15 16 17 18 19 20 21 22 23 * 25 * 27 28 29 30 31 * 33 34 35 * 37 38 39 40 41 42 43 44 45 * 47 * * 50 51 52 53 54 55 56 57 58 59 60 1 2 3 4 * 6 7 8 9 10 11 * 
* 6 7 8 9 10 * * 13 * 15 16 17 18 * 20 21 22 23 24 * 26 * 28 29 30 31 32 * 34 35 36 * 38 39 40 41 * 43 * 45 46 * 48 * * 51 52 * 54 55 56 57 58 * 60 1 * 3 4 
* 50 51 * 53 54 55 56 57 * 59 60 * * 3 4 5 6 7 8 9 10 11 12 13 * 15 16 17 18 19 20 * 22 23 * 25 26 * 28 29 30 31 * 33 34 35 36 37 38 39 40 41 42 * 44 * 46 * * 
* 55 56 57 58 * * 1 * 3 4 5 6 7 8 9 * 11 12 * 14 15 * 17 18 * * * 22 23 * 25 * * 28 29 30 * 32 33 34 * 36 37 38 * 40 41 * 43 44 45 46 * * * 50 51 52 * 
35 36 37 * 39 40 41 * 43 44 45 * 47 48 49 * 51 52 53 54 55 56 57 58 59 60 1 2 3 4 5 * 7 8 9 10 11 * 13 14 15 16 17 18 * * * 22 23 24 25 26 27 * 29 30 31 32 * 34 
* 17 18 19 20 * 22 23 24 25 26 27 28 29 30 31 32 33 * * 36 37 38 39 * * 42 43 44 45 46 * 48 49 50 51 52 53 54 55 56 57 58 * 60 1 2 3 * 5 * * 8 9 10 * 12 13 * 15 
20 21 * * * * 26 27 * 29 30 31 * * 34 35 36 37 38 39 * * 42 43 * 45 46 47 48 49 * 51 52 * 54 55 56 57 58 59 * 1 * 3 4 5 * 7 8 9 10 11 12 * 14 15 16 17 18 19 
* 20 21 22 23 24 25 26 27 * 29 30 31 32 33 34 35 36 37 38 * 40 41 42 43 44 45 46 47 48 49 50 * 52 53 54 55 56 57 58 59 60 1 2 3 4 * 6 7 8 9 10 11 12 * 14 * 16 17 18 
* * * * 43 * 45 * * 48 49 * 51 52 53 * 55 56 57 58 59 60 1 2 * 4 5 * 7 8 9 * * 12 13 14 15 16 17 18 * 20 21 22 23 24 25 * 27 28 29 30 31 32 33 * * * 37 * 
21 * * 24 25 26 27 28 29 30 * 32 33 34 35 36 37 38 * 40 * 42 43 44 45 * 47 48 49 50 51 52 53 54 55 * * 58 59 60 * 2 3 4 * 6 7 * 9 10 * 12 13 14 * 16 17 18 19 20 
41 * 43 44 * 46 47 48 49 50 51 52 53 54 * 56 57 58 59 60 1 2 3 4 * 6 7 8 9 10 11 * 13 14 15 16 17 18 19 * 21 * 23 * 25 26 27 28 29 30 31 32 33 34 35 * 37 * 39 * 
37 * 39 40 41 42 43 * 45 * 47 48 49 50 * * 53 54 55 56 57 58 59 60 1 * * * * 6 7 * 9 10 11 12 13 * 15 * 17 18 * 20 21 22 23 24 25 26 27 28 * * 31 32 * 34 35 * 
* 43 * * 46 47 * 49 * 51 * 53 54 55 * 57 * 59 60 1 2 3 4 * * 7 8 9 10 * 12 * 14 15 16 * 18 * 20 * * * 24 25 26 27 * 29 30 31 32 33 34 35 36 37 * 39 40 41 
46 47 48 49 50 * 52 53 54 * 56 * 58 59 60 * 2 3 * 5 6 7 8 * 10 * 12 13 14 15 * 17 18 * 20 21 * 23 * 25 26 * * 29 30 * 32 33 34 * 36 37 38 * 40 41 42 43 44 45 
* 1 2 3 4 5 6 7 * 9 10 11 12 13 * 15 16 17 18 19 20 * 22 23 * * * 27 28 29 * 31 32 * 34 35 * * 38 * * * 42 * 44 45 46 47 48 * 50 * * 53 54 55 56 57 58 59 
50 * * * 54 * * 57 58 59 60 * 2 3 4 5 * 7 * 9 10 11 12 * 14 15 * 17 * 19 20 * 22 23 24 25 26 27 28 * 30 31 * 33 34 35 36 37 38 39 40 * 42 43 * 45 * 47 * 49 
40 * 42 43 44 45 46 47 * * 50 * 52 53 54 55 56 57 * 59 * 1 * 3 4 5 6 * * 9 10 11 12 13 14 * 16 * * 19 * 21 * * 24 25 26 27 28 29 * 31 * 33 34 35 36 * * 39 
* 45 46 47 48 49 50 51 * 53 54 55 56 57 58 59 60 1 2 * 4 * * * * 9 10 11 12 13 14 15 16 17 18 * * * * * 24 25 26 27 * 29 * * 32 * 34 35 36 37 38 39 40 41 * 43 
32 33 34 35 36 37 38 39 * 41 42 43 44 * 46 47 48 49 50 51 52 * 54 55 56 57 58 59 60 1 2 3 4 5 6 7 8 * 10 11 12 * 14 15 * 17 18 19 20 * * * 24 * * * 28 29 30 * 
* 12 * 14 15 16 17 * 19 * 21 22 * 24 * * * 28 29 * 31 32 33 * 35 36 37 38 39 40 41 42 43 * 45 46 47 48 49 50 51 52 53 54 55 56 57 58 * 60 1 2 3 4 * 6 7 8 9 10 
* 35 36 37 38 39 40 41 42 43 44 45 * 47 48 49 * * 52 53 * 55 56 57 58 * 60 * * 3 4 * 6 7 8 9 10 11 12 13 * 15 16 17 18 19 20 21 22 * 24 * * 27 28 29 * * 32 33 
55 56 57 58 59 60 1 2 3 4 5 6 7 8 * 10 11 * * 14 15 * 17 18 * 20 21 * 23 24 25 26 27 28 29 30 31 32 * * 35 36 37 38 39 40 41 * 43 * 45 * 47 * 49 50 51 52 53 * 
* 18 19 20 * * 23 24 * 26 27 28 29 30 31 32 33 * 35 36 37 * 39 40 * * * 44 45 * 47 * 49 50 51 52 53 54 55 56 * 58 59 60 * 2 * * 5 * 7 8 9 10 11 12 * * 15 16 
12 13 14 * 16 * * * 20 * 22 23 24 25 * * 28 29 30 31 * 33 34 35 * * * * * 41 * * * 45 46 47 48 49 50 51 52 53 54 55 56 57 58 59 60 1 2 * * 5 * 7 8 9 10 11 
* 23 24 25 26 27 28 * 30 31 * 33 34 35 36 37 38 * 40 41 42 43 44 45 46 * * * 50 51 52 53 54 55 * 57 58 * 60 1 2 * * 5 * 7 * 9 10 11 * 13 14 15 16 17 18 19 20 21 
1 2 3 * 5 6 7 8 9 10 11 * 13 14 * 16 17 18 19 20 * 22 * 24 * * 27 * 29 30 * 32 33 34 35 36 * 38 39 * 41 42 43 44 45 * * 48 * 50 51 * 53 54 55 56 * * 59 * 
