* 63 64 65 66 * 68 69 70 71 72 73 74 75 76 77 78 79 80 81 82 83 84 85 1 2 3 4 5 6 7 8 9 10 11 * 13 14 15 16 * 18 19 20 21 * 23 24 * * 27 28 29 30 31 32 33 * 35 36 37 38 39 40 * 42 43 44 45 46 47 48 49 50 51 52 53 54 55 56 57 58 59 60 61 
58 59 60 61 * 63 * 65 66 67 68 69 * 71 72 73 74 75 * 77 78 79 80 81 82 83 84 85 1 2 3 4 5 6 7 8 9 10 11 * 13 14 15 16 17 18 19 20 21 22 23 24 25 * 27 * 29 * 31 32 33 34 35 36 37 38 39 40 41 42 * 44 45 46 47 48 * 50 51 52 * 54 55 56 57 
77 78 * 80 81 * 83 84 85 * 2 3 4 5 6 7 8 9 10 11 12 13 * 15 16 17 18 19 20 21 * 23 * * 26 27 28 29 30 31 32 33 34 35 36 37 * * 40 41 42 43 44 45 46 47 48 49 50 51 52 53 54 55 56 57 58 59 60 61 * 63 64 65 66 67 68 69 70 71 72 73 * 75 76 
46 47 48 49 50 51 52 53 54 55 56 57 58 59 60 61 * 63 64 65 66 * 68 69 70 71 72 73 74 75 76 77 78 79 80 81 82 83 84 85 1 2 3 4 5 6 7 8 9 10 11 12 13 14 15 16 17 18 19 20 21 22 23 24 * 26 27 28 29 30 31 32 33 34 35 36 37 38 39 40 41 42 43 * 45 
8 9 10 * 12 13 14 15 16 17 18 * 20 21 22 23 24 25 26 27 28 29 30 31 32 33 34 35 36 37 38 39 40 41 42 43 44 45 46 47 48 49 50 51 52 53 54 55 56 57 58 59 60 61 62 63 * 65 66 67 68 * 70 71 72 73 74 75 76 77 78 79 80 81 82 83 84 85 * 2 3 4 5 6 7 
84 85 1 2 3 4 5 6 * 8 9 10 11 12 13 14 15 16 * 18 19 20 21 22 23 24 25 * 27 28 29 30 31 32 33 34 35 36 37 38 39 40 41 42 * * 45 46 47 48 49 50 51 52 53 54 * 56 57 58 59 60 61 62 63 64 65 * * 68 69 70 71 72 73 74 * 76 77 78 79 80 81 82 83 
61 62 63 64 65 66 67 68 69 70 71 72 73 74 75 76 * 78 79 80 81 82 83 84 * * 2 3 4 5 6 * 8 9 10 * 12 13 14 15 16 17 18 * 20 21 22 23 24 25 26 27 28 29 30 31 32 33 34 35 36 37 38 39 40 41 42 43 44 45 * 47 48 49 50 * 52 53 54 55 56 57 58 * 60 
* * 2 3 * 5 6 7 * 9 10 11 12 13 * 15 16 17 * 19 20 21 22 23 24 * 26 27 28 29 30 31 32 33 34 35 36 37 38 39 40 41 42 43 44 45 46 47 48 * * * 52 53 54 * * * 58 * 60 61 62 63 64 65 66 67 * 69 * 71 72 73 74 75 76 77 78 79 80 81 82 * 84 
56 57 * 59 60 * 62 63 64 65 66 67 68 69 70 71 72 73 74 75 * 77 78 79 80 81 82 83 84 * * * 3 4 5 6 7 8 9 10 11 12 13 14 15 16 17 18 19 20 21 22 23 * 25 26 27 28 29 30 31 32 33 34 35 36 37 38 39 40 * 42 * 44 45 46 47 48 49 50 51 52 53 54 55 
44 45 46 47 * 49 50 51 52 53 54 * 56 57 58 59 60 61 62 63 64 65 66 67 68 69 * 71 72 73 74 75 * 77 78 79 80 81 82 * * 85 1 2 3 4 5 6 7 * 9 10 11 12 13 14 15 16 17 18 19 20 21 22 23 24 25 26 27 28 * 30 31 32 33 34 35 36 37 38 39 40 41 42 43 
20 21 * 23 24 25 26 * 28 29 30 31 32 33 34 35 36 * 38 39 40 41 42 43 44 45 46 47 48 49 * 51 52 53 54 55 56 57 58 59 60 61 * * * * 66 67 68 69 70 71 72 73 74 * 76 77 * 79 80 81 82 * * 85 1 2 3 4 5 6 7 8 9 10 11 12 13 * * 16 17 18 19 
26 27 28 29 30 31 32 33 * 35 36 * 38 39 40 41 42 43 44 45 46 * * 49 50 51 * 53 54 55 56 57 58 59 60 61 62 63 64 65 66 67 68 69 70 71 72 73 74 75 76 * 78 79 * 81 82 83 84 85 1 2 3 4 5 6 7 8 9 10 11 12 13 14 15 16 17 18 19 20 21 * 23 24 25 
65 * 67 68 * 70 71 * 73 74 75 76 77 78 79 80 81 82 83 84 85 1 2 3 4 5 6 7 8 9 10 11 12 13 14 15 16 17 18 19 20 21 * 23 24 25 26 27 * 29 30 31 * 33 34 35 36 37 38 * 40 41 42 43 44 45 46 47 48 49 50 51 * 53 54 55 56 * * 59 60 61 * 63 64 
* 55 56 57 58 59 60 61 62 63 64 65 66 67 68 69 70 71 72 73 74 75 76 77 78 79 80 81 * 83 84 85 1 2 3 4 5 6 7 8 9 10 * 12 13 14 15 * 17 18 * 20 21 22 23 24 25 26 * 28 29 30 31 32 33 * 35 * 37 38 39 40 41 42 43 44 45 46 47 48 49 50 51 52 53 
7 8 * 10 11 12 13 14 15 16 17 18 19 * 21 * 23 24 25 26 * 28 29 30 31 32 33 34 * 36 37 38 39 40 * 42 43 44 45 46 47 48 49 50 51 52 53 54 55 56 57 58 59 60 61 62 * 64 65 66 67 68 69 70 71 * 73 74 75 76 77 78 79 80 81 82 83 84 85 1 2 3 4 * 6 
21 22 23 24 25 26 * 28 29 30 31 32 33 34 35 36 * 38 39 40 41 42 43 44 45 46 47 48 49 50 51 52 53 54 55 56 57 58 59 60 61 62 63 64 65 66 67 68 69 70 71 72 73 74 75 76 77 78 79 * 81 82 83 84 85 1 2 3 4 5 6 * 8 9 10 11 * * 14 15 16 17 18 19 20 
57 58 59 60 61 62 63 64 65 66 67 68 69 70 71 72 * 74 75 76 77 78 79 80 81 82 83 84 85 1 2 3 4 5 6 7 8 9 10 11 12 13 * 15 16 17 18 19 20 21 22 23 24 25 * 27 28 29 30 31 * 33 * * 36 * 38 39 40 41 42 43 44 45 46 47 48 49 * 51 52 53 54 * 56 
41 * * 44 45 46 47 48 49 50 51 52 53 54 55 56 57 58 59 60 61 62 * * 65 66 67 68 69 70 71 72 73 74 75 76 77 78 79 * 81 82 83 84 85 1 2 3 4 5 6 7 * 9 10 11 12 13 14 15 16 17 18 19 20 21 22 23 24 25 * 27 28 29 30 31 32 33 34 35 36 37 38 39 40 
60 61 62 63 64 65 * 67 68 69 70 71 72 73 74 75 76 77 78 79 80 81 82 83 84 85 1 2 3 4 5 6 7 8 * 10 11 12 13 14 15 16 17 18 19 20 21 22 23 24 25 26 27 28 * 30 31 32 33 34 35 36 37 38 39 40 41 42 43 44 45 46 47 48 * 50 51 52 53 54 55 56 57 58 59 
14 15 16 17 18 19 20 * 22 23 24 25 26 27 28 29 * * 32 33 34 35 36 37 38 * 40 41 42 43 44 * 46 47 48 49 50 51 52 53 54 55 * 57 58 * 60 61 62 63 64 65 * 67 68 69 70 71 72 73 * 75 76 77 78 79 80 81 82 83 84 * 1 2 * 4 5 6 7 8 9 10 11 12 13 
29 30 31 32 33 34 35 36 * 38 39 40 41 42 43 44 45 46 47 48 49 50 51 52 53 54 55 56 57 58 59 60 61 62 * 64 65 66 67 68 69 70 71 72 73 74 75 76 77 78 * 80 81 82 83 84 85 1 2 3 4 5 6 7 8 9 10 11 12 13 14 15 * 17 18 19 20 21 22 23 24 25 26 27 28 
12 13 14 * 16 17 18 19 20 21 22 23 24 25 * 27 28 29 30 31 32 33 * 35 36 37 38 39 40 * 42 43 44 45 46 47 48 * 50 51 52 53 54 * 56 57 58 59 60 * 62 63 64 65 66 67 * 69 70 71 72 * 74 75 76 * * 79 * 81 82 83 84 85 1 2 3 4 5 6 * 8 9 10 11 
37 38 39 40 41 42 43 44 45 46 47 48 49 50 51 52 53 54 * 56 57 58 59 60 61 * 63 64 65 66 * 68 69 70 71 72 73 74 75 76 77 78 79 80 81 82 83 84 85 * 2 3 4 5 6 7 8 9 10 11 * 13 14 15 16 17 18 19 20 21 22 23 24 25 26 27 28 29 30 31 * 33 34 35 36 
10 11 12 13 14 15 16 17 18 19 20 21 22 23 24 25 26 27 28 29 30 * * 33 34 35 36 37 38 39 40 41 42 43 44 45 46 47 48 49 50 * 52 53 54 55 56 57 58 * 60 61 62 63 64 65 66 67 68 69 70 71 72 73 74 75 76 77 78 79 80 81 82 83 84 85 1 2 3 4 * * 7 8 9 
48 49 50 51 52 53 54 55 56 * 58 59 60 61 62 * 64 65 66 67 68 69 70 71 72 73 74 75 76 77 78 79 80 81 82 83 84 85 1 2 3 * 5 6 7 8 9 10 11 12 13 14 15 16 17 18 19 20 21 22 23 * 25 26 27 28 29 30 31 32 33 34 35 36 37 38 39 40 41 42 * 44 45 * 47 
15 16 17 18 19 * 21 22 23 24 25 26 27 28 29 30 31 * 33 34 35 36 37 38 39 40 41 42 43 44 45 46 47 48 49 50 51 52 53 54 * 56 57 58 59 60 61 62 63 64 65 66 67 68 69 70 71 72 73 74 75 76 77 78 79 80 81 82 83 * 85 1 2 3 4 5 6 7 8 9 10 11 12 13 14 
3 4 5 6 7 8 9 10 11 12 13 14 15 16 17 18 19 20 21 22 23 24 25 26 27 28 29 30 * 32 33 34 35 36 37 38 39 40 41 42 43 44 45 46 * 48 49 50 51 * 53 54 55 56 57 * 59 60 61 62 63 64 65 66 67 68 69 70 71 72 73 74 75 76 77 78 79 80 81 82 83 84 85 1 2 
* 83 84 85 1 2 3 4 5 6 7 8 9 10 11 12 13 * 15 16 17 18 19 20 21 22 23 24 25 26 27 28 29 30 31 32 33 34 35 36 37 38 39 40 41 42 43 44 45 46 47 48 49 50 51 52 53 54 * 56 57 58 59 60 61 62 63 * 65 66 67 68 69 70 71 72 73 74 75 76 77 78 79 80 81 
69 70 71 72 73 74 75 76 77 78 79 * 81 82 83 84 85 1 2 3 4 5 6 7 * 9 10 11 12 13 14 15 16 17 18 19 20 21 22 23 24 25 * 27 28 * 30 31 32 33 * 35 36 37 38 39 40 41 42 43 44 45 46 47 48 * 50 51 52 53 54 55 56 57 58 59 60 61 62 63 * 65 66 * 68 
45 46 47 48 49 50 51 52 * 54 * 56 57 58 59 60 61 * 63 64 65 66 67 68 69 70 71 72 73 74 75 76 77 78 79 80 81 82 83 84 85 1 2 3 4 5 6 7 8 9 10 11 12 13 14 15 * 17 18 19 20 21 22 23 24 25 * 27 28 29 30 31 32 33 34 35 36 37 38 39 40 41 * 43 44 
59 60 61 62 63 64 65 66 67 68 69 70 71 72 73 * 75 76 77 78 79 80 81 82 83 84 85 1 2 * 4 5 6 7 8 9 10 11 12 13 14 15 16 17 18 19 20 21 * 23 24 25 26 27 28 29 30 31 32 33 34 * 36 * 38 39 40 41 42 * * * 46 47 48 49 50 51 52 * 54 55 56 57 58 
70 71 72 73 74 75 76 77 78 79 80 81 82 83 84 85 1 2 3 4 5 6 7 8 9 * 11 12 13 14 15 16 17 * * 20 21 22 * 24 25 26 27 28 29 30 * 32 33 34 35 36 * 38 39 40 41 42 43 * 45 46 47 48 49 50 51 52 53 54 55 56 * * 59 60 61 62 63 * 65 66 67 68 69 
35 36 * 38 39 40 41 42 43 44 45 46 47 * 49 50 * 52 53 54 55 56 57 58 59 60 61 62 63 64 65 66 67 68 69 70 71 72 * 74 75 76 * 78 79 * 81 82 83 84 * 1 2 3 4 5 6 7 8 9 10 11 12 13 * 15 16 17 18 19 * 21 22 23 24 25 26 27 * 29 30 31 32 33 34 
25 26 27 28 29 30 31 32 33 34 35 36 37 38 39 40 41 42 43 44 45 46 47 48 49 50 51 52 53 54 55 56 * * 59 60 61 * 63 64 65 66 * 68 69 70 71 72 73 74 75 76 77 78 79 80 81 82 83 84 85 1 2 3 * 5 6 7 8 9 10 11 12 13 14 15 16 17 18 19 20 21 22 23 24 
66 * 68 * 70 71 72 73 74 75 76 * 78 79 80 81 82 83 84 85 1 2 3 4 5 * 7 8 9 10 11 12 * 14 15 16 17 18 19 20 21 22 23 24 25 26 27 * 29 30 31 32 33 * 35 36 37 38 39 40 41 42 43 44 45 * 47 48 49 * 51 52 53 54 55 56 57 58 59 60 61 * 63 64 65 
74 75 76 * 78 79 80 81 82 83 84 * 1 2 3 4 5 6 7 8 9 * 11 12 13 14 15 16 17 18 19 * 21 22 23 * * 26 27 * 29 30 31 32 33 34 35 36 37 38 * 40 41 42 43 44 45 46 47 48 49 50 51 52 53 * 55 56 57 58 59 60 61 62 63 64 65 66 67 68 * 70 71 72 73 
34 35 36 37 38 39 40 41 42 43 44 * * 47 48 49 50 51 52 53 54 55 56 57 58 59 60 61 * 63 64 65 * 67 68 69 70 71 72 73 74 75 76 77 78 79 80 81 82 83 84 * 1 2 3 4 5 6 7 8 9 10 * 12 13 14 15 16 17 18 19 20 21 22 23 24 25 26 27 28 29 30 31 32 33 
78 * 80 81 82 83 84 85 1 2 3 4 5 6 7 8 9 10 11 12 13 14 15 16 17 18 19 20 21 * 23 24 25 26 27 28 29 30 31 32 33 34 35 36 * 38 39 40 41 42 43 44 * 46 47 48 * 50 51 52 53 54 55 56 57 * * 60 61 62 63 64 65 66 67 68 69 70 71 72 73 74 75 76 77 
51 52 53 54 55 56 57 58 59 60 61 62 63 * 65 66 67 68 69 70 71 72 73 74 75 76 77 78 79 80 81 82 83 84 85 1 2 * 4 5 6 7 8 9 10 11 12 13 14 15 16 17 18 19 20 21 22 23 24 25 26 27 * 29 30 * 32 33 34 35 36 37 38 39 40 * 42 43 44 45 * 47 48 49 50 
36 37 38 39 40 41 42 43 44 45 46 47 48 49 50 51 52 53 54 55 56 57 58 59 * 61 62 63 64 65 66 67 68 69 70 71 72 73 74 75 76 77 78 79 80 81 82 * 84 85 1 2 * 4 5 6 7 8 9 10 11 * 13 * 15 16 17 18 19 20 * 22 23 24 25 26 27 28 29 30 31 32 33 34 * 
64 65 * 67 68 69 70 71 72 * 74 75 76 77 78 79 80 81 82 83 84 85 1 2 * 4 5 6 7 8 9 10 11 12 * 14 15 16 17 18 19 20 21 22 * * 25 26 27 28 29 * * 32 33 34 35 * 37 * 39 40 41 42 43 44 45 * 47 48 49 50 51 52 53 54 55 56 57 58 59 60 61 62 * 
* 6 7 8 9 10 11 12 13 14 15 16 17 18 19 20 21 22 23 24 25 26 * 28 29 30 31 * 33 34 35 36 37 * 39 40 41 42 43 44 45 46 * 48 49 50 51 52 53 54 55 * 57 58 59 60 61 62 63 64 65 66 67 * 69 70 * 72 73 74 75 76 77 78 79 * 81 82 83 84 85 1 2 3 4 
1 2 3 4 5 6 7 8 9 10 11 12 13 14 15 16 17 18 19 20 21 22 23 24 25 26 27 28 29 * 31 32 33 34 35 36 37 38 39 40 41 42 43 * 45 46 47 48 49 50 51 52 53 54 55 56 57 58 59 60 61 62 63 64 65 * 67 68 69 70 71 72 73 74 75 76 77 78 79 80 81 82 83 * * 
71 72 73 74 * 76 77 78 79 * 81 82 83 84 85 1 2 * 4 5 6 7 8 9 10 11 12 13 14 15 16 17 18 19 20 21 22 23 24 25 26 27 28 29 30 31 32 33 34 35 36 37 38 39 40 41 * 43 44 45 46 47 48 49 50 51 52 53 54 55 56 57 58 59 60 61 62 63 64 65 * 67 68 69 70 
43 44 45 46 47 * 49 50 51 52 53 54 55 56 57 58 59 60 61 62 63 64 65 66 67 * 69 70 71 72 73 74 75 76 77 78 79 80 81 82 83 84 85 1 2 3 4 5 6 * 8 9 * 11 12 13 14 15 16 17 18 19 20 21 22 * 24 25 26 27 28 29 30 31 32 * 34 35 36 37 38 39 40 41 42 
42 43 44 45 46 47 48 49 50 51 52 53 54 55 56 57 58 59 60 61 62 63 64 65 66 67 68 69 70 71 * 73 74 75 76 77 78 79 80 81 * 83 84 * 1 2 3 4 5 6 7 8 * 10 11 12 13 14 15 16 17 18 19 20 21 22 23 24 25 26 * 28 29 30 * 32 33 * 35 36 37 38 39 40 41 
73 74 75 76 77 78 79 80 81 82 83 84 85 1 2 3 4 * 6 7 8 9 10 11 12 13 14 15 16 17 18 19 20 * 22 23 24 25 * 27 28 29 30 31 32 33 34 * 36 * 38 39 40 41 42 43 44 45 46 47 48 49 50 51 52 53 54 * 56 57 58 59 60 61 62 63 64 65 66 67 68 69 70 71 72 
32 33 34 35 36 37 38 * 40 41 42 43 44 45 46 47 48 49 50 * 52 53 * 55 56 57 58 59 60 61 62 63 * 65 66 * 68 69 70 71 72 73 * 75 76 77 78 79 80 81 82 83 84 85 1 2 3 4 5 6 7 8 9 10 11 12 13 14 15 * 17 18 19 * * * 23 24 25 26 27 28 29 30 31 
27 * 29 30 31 * 33 34 35 * 37 38 39 40 41 42 43 44 45 46 47 48 49 50 51 52 53 54 55 56 57 * 59 60 61 62 63 64 65 66 67 * 69 70 71 * 73 74 75 76 * 78 79 80 81 82 * 84 * 1 2 3 4 5 6 7 8 * 10 11 12 13 14 15 16 17 18 19 20 21 22 23 24 25 26 
* 19 20 21 22 23 24 25 26 * 28 29 30 31 32 33 34 35 36 37 38 39 * 41 42 43 44 45 46 47 48 * 50 51 52 53 54 55 56 57 58 * 60 61 62 63 64 65 66 67 68 69 * 71 72 73 74 75 76 77 78 79 80 81 82 83 * 85 * 2 * 4 5 6 7 8 9 10 11 12 13 14 15 16 17 
30 * 32 33 34 35 36 * 38 39 40 41 42 43 44 45 46 47 48 49 50 51 52 53 54 55 56 57 * 59 60 61 62 * 64 65 66 67 68 69 70 71 72 73 74 75 76 * 78 79 80 81 82 83 84 85 1 2 * 4 5 6 7 8 9 10 * 12 13 14 15 16 17 18 19 20 21 22 * 24 25 26 27 28 29 
6 * 8 9 10 11 12 13 14 15 16 * 18 19 20 21 * 23 24 25 26 27 28 * 30 31 * 33 * 35 36 37 38 39 40 41 42 43 44 45 46 47 48 49 50 51 52 53 54 55 56 57 58 59 60 61 62 * 64 65 66 67 * 69 70 71 72 73 74 75 76 77 78 79 80 81 82 83 84 85 1 2 3 4 5 
55 56 57 58 59 60 61 62 63 64 65 * 67 68 69 70 71 72 73 74 * 76 77 78 79 80 81 82 83 84 85 * 2 3 * * * 7 8 9 10 * 12 13 * 15 16 17 18 19 20 * 22 23 24 25 26 27 28 29 30 31 32 33 34 35 36 37 38 39 * 41 42 43 44 45 * 47 48 49 * * 52 * * 
9 10 11 12 13 14 15 16 17 18 19 20 21 22 23 24 25 26 27 28 29 30 31 32 33 34 35 36 37 * 39 40 41 42 43 44 45 46 47 48 49 50 51 52 53 54 * 56 57 58 59 60 61 62 63 64 65 66 67 68 69 70 71 72 73 74 75 76 77 78 79 80 81 82 83 84 85 1 * 3 * 5 6 7 8 
63 * 65 66 67 68 69 70 71 72 73 74 75 76 77 78 79 80 81 82 83 84 * 1 2 3 4 5 6 7 8 9 10 11 12 * 14 15 16 17 18 19 20 21 22 * 24 * 26 27 28 29 30 31 32 33 34 35 36 37 38 39 40 41 42 43 * 45 46 47 48 49 50 51 52 53 54 55 56 57 58 * 60 61 62 
31 32 33 * 35 36 37 38 39 40 41 42 43 44 45 46 47 48 * 50 51 52 53 54 55 56 57 58 59 * 61 * 63 64 65 66 67 68 69 70 71 72 73 * 75 76 77 78 79 80 81 82 * 84 85 1 2 3 4 * 6 7 8 9 10 11 12 13 14 15 16 17 18 19 20 21 22 23 24 * 26 * * 29 30 
* 24 25 26 27 28 29 30 31 32 33 34 35 36 * 38 39 * 41 42 43 44 45 46 47 48 49 50 51 * 53 54 55 56 57 58 59 60 61 62 63 64 65 66 67 68 69 70 71 72 73 74 75 * * 78 79 80 81 82 83 84 85 1 2 3 4 5 6 7 8 9 10 11 12 13 14 15 16 17 18 19 20 21 22 
76 77 78 79 80 81 * 83 84 85 1 2 3 4 5 6 7 8 9 10 11 12 13 14 15 16 17 18 19 20 21 * 23 24 25 26 27 28 29 * 31 32 33 34 35 36 37 * 39 40 41 42 43 * 45 46 47 48 49 50 51 52 53 54 55 56 57 58 59 60 * 62 63 64 65 66 67 68 69 70 71 72 73 74 75 
28 29 * 31 * * 34 35 36 37 * 39 40 41 42 43 44 * 46 47 48 49 50 51 52 53 54 * 56 57 58 59 60 61 62 * 64 65 66 67 68 69 70 71 72 73 74 75 * 77 78 79 80 81 82 83 84 85 1 * 3 4 5 6 7 8 9 10 11 12 13 14 15 16 17 18 19 20 21 22 23 24 25 * 27 
16 17 18 19 * 21 22 23 24 25 * 27 28 29 30 31 32 33 34 35 36 37 38 39 40 * 42 43 44 * 46 47 48 49 50 51 52 53 54 * 56 57 58 59 60 61 62 63 64 65 66 67 68 69 70 71 72 73 * 75 76 77 78 79 80 * * 83 84 85 1 2 3 4 5 6 * 8 9 10 11 12 13 14 15 
72 73 74 75 76 77 78 79 80 81 82 83 84 85 1 2 3 4 * 6 7 8 9 10 11 12 13 14 15 16 17 18 19 20 21 22 23 24 25 26 27 28 29 * 31 32 33 34 35 36 37 38 39 40 41 42 43 * 45 46 47 48 49 50 51 52 53 54 55 56 * 58 59 * 61 62 63 64 65 66 67 * 69 * 71 
83 84 85 1 2 3 4 5 * 7 * 9 10 11 12 13 14 15 16 17 18 19 20 21 22 23 24 25 * 27 28 29 30 * 32 * 34 35 36 37 38 39 40 41 42 43 44 45 46 47 48 49 50 51 52 53 54 55 56 57 58 59 60 61 62 63 64 65 66 67 * 69 70 71 72 * 74 75 76 77 78 79 80 * 82 
67 68 69 70 71 72 73 74 75 76 77 78 79 80 81 82 83 84 85 1 2 * 4 5 6 7 8 9 10 11 12 13 14 15 16 17 18 19 * 21 22 23 24 * 26 27 28 29 30 * 32 33 34 35 36 37 38 39 40 41 42 43 44 45 46 47 48 49 50 51 * 53 54 55 56 57 58 59 60 * 62 * 64 65 66 
* 14 15 16 17 18 19 20 21 22 23 * 25 26 27 28 29 30 31 * 33 34 35 36 37 38 39 40 41 * 43 * 45 46 47 48 49 50 * 52 53 54 55 56 57 58 59 60 61 62 * 64 65 66 * 68 69 70 71 72 * 74 75 76 77 78 79 80 81 82 * 84 85 1 2 3 * 5 * 7 8 9 10 11 12 
4 5 6 7 8 9 10 11 12 13 14 15 16 17 18 19 * 21 22 23 24 25 26 27 28 29 30 31 32 33 34 35 36 37 38 39 40 41 42 43 44 45 46 47 48 49 50 51 52 53 54 55 56 57 58 59 * 61 62 63 64 65 66 67 68 69 70 71 72 73 74 75 76 77 78 * 80 81 82 83 84 * 1 2 3 
11 12 * 14 15 16 17 18 19 20 21 22 23 * 25 26 27 28 29 30 31 32 33 34 35 36 * * 39 40 * 42 43 44 45 46 47 48 49 50 * 52 * 54 55 56 57 58 59 60 61 62 63 64 65 66 67 68 * 70 71 72 73 * 75 76 77 78 79 * 81 82 * 84 * 1 * 3 4 5 6 7 8 * 10 
79 80 81 82 83 * 85 1 2 * 4 5 * 7 8 * 10 11 12 13 14 15 16 17 18 19 20 21 * 23 24 25 26 27 * 29 30 31 * 33 34 35 36 37 38 39 40 41 42 43 44 45 46 47 48 49 50 51 52 53 54 55 56 57 58 * 60 61 62 63 64 65 66 67 68 69 70 71 72 73 74 * 76 77 78 
52 53 54 55 56 57 58 59 60 61 62 * * 65 * 67 68 69 70 71 * 73 74 75 76 77 78 79 80 81 82 * 84 * 1 2 3 4 5 6 7 8 * 10 11 12 13 14 15 16 * * 19 * 21 22 23 24 25 26 27 28 29 30 31 32 33 34 35 36 37 38 39 40 41 42 * 44 45 46 47 48 49 50 51 
22 23 24 25 * 27 28 29 30 31 32 33 34 35 36 37 38 39 40 41 42 43 44 45 * 47 48 49 50 51 52 53 54 55 56 57 58 59 60 61 62 63 64 65 66 67 68 69 * 71 72 * 74 75 76 77 78 79 80 81 82 83 84 85 1 2 3 4 5 6 7 8 9 10 11 12 13 14 15 16 17 18 19 20 21 
81 82 * 84 85 1 2 3 4 5 6 7 * 9 10 11 12 13 14 15 16 * 18 19 20 21 22 23 24 25 26 27 28 29 30 31 32 33 34 35 36 37 38 39 40 41 42 43 44 45 46 47 48 49 50 51 52 53 54 55 * 57 58 59 60 61 62 63 64 * 66 67 68 69 70 71 72 73 * 75 76 77 78 79 80 
40 41 * 43 44 45 46 47 48 49 50 51 52 53 54 55 56 57 58 59 60 61 62 63 * 65 66 67 68 69 70 71 72 73 74 75 76 77 78 79 80 81 82 83 * 85 1 2 3 4 5 6 7 8 9 10 11 12 13 14 15 16 17 18 19 20 21 22 23 24 25 * 27 28 29 30 31 32 33 34 35 36 * 38 39 
* 48 49 50 * * 53 54 55 56 57 58 59 60 61 * 63 64 65 66 67 68 69 70 71 72 73 74 75 76 77 78 * 80 81 82 83 84 * 1 2 3 4 5 6 * 8 9 10 11 12 * 14 15 16 17 18 19 20 21 22 23 24 25 26 27 28 29 30 31 32 33 34 35 36 37 38 39 40 41 * 43 44 45 46 
80 81 82 83 84 85 1 2 3 4 5 6 7 8 9 10 11 12 13 * 15 * 17 18 19 20 21 22 23 24 25 26 27 28 * 30 31 * 33 34 35 36 37 38 39 40 41 42 43 44 45 46 * * 49 50 51 52 53 54 55 56 57 58 * * 61 62 63 64 65 * 67 68 69 70 71 * 73 74 75 76 77 78 79 
17 18 19 20 21 22 23 24 25 * 27 28 29 30 31 * 33 34 35 36 37 38 39 40 41 42 43 44 45 46 47 48 49 50 51 52 53 54 55 56 57 58 59 * 61 62 * 64 65 66 67 * 69 70 71 72 73 * 75 76 77 78 79 80 81 82 83 84 85 1 2 3 4 5 * * 8 9 10 11 12 13 * 15 16 
68 69 70 71 72 73 74 75 76 77 78 79 80 81 82 83 84 85 1 * 3 4 5 6 7 * 9 10 11 * 13 * 15 16 17 18 19 20 21 22 23 24 25 26 27 28 29 30 31 32 33 34 35 36 37 * 39 40 41 42 43 44 45 46 47 48 49 50 51 52 53 54 55 56 57 58 59 60 61 62 63 64 65 66 67 
19 * 21 22 23 24 25 26 27 28 29 30 31 32 33 34 * 36 37 38 39 40 41 42 43 44 45 46 47 48 49 50 51 52 53 54 55 56 57 58 59 60 61 62 63 64 65 66 67 68 69 70 71 72 73 74 75 76 77 78 * 80 81 82 83 84 85 1 2 3 4 * * 7 8 9 * 11 12 13 14 15 16 * 18 
* 39 40 41 42 * 44 45 46 47 48 49 50 * 52 53 54 55 56 * 58 59 60 61 62 63 64 65 66 67 * 69 70 71 72 73 * 75 76 * 78 79 80 81 82 83 84 85 1 2 * * 5 6 7 8 9 10 11 12 13 14 15 16 17 18 19 20 21 22 23 24 25 26 * 28 * * 31 32 * 34 35 * 37 
50 51 * 53 54 55 56 57 58 59 60 61 62 63 64 65 * 67 68 * 70 71 72 73 74 75 76 77 78 79 80 81 82 83 84 85 1 2 3 4 5 6 7 * 9 10 11 12 * 14 15 16 17 18 19 20 21 22 23 24 25 26 27 28 29 30 31 32 33 34 35 * 37 38 * 40 41 42 43 * 45 46 * 48 49 
49 50 51 * 53 54 55 56 57 58 59 60 61 62 * 64 65 66 67 68 * 70 71 72 * 74 75 76 77 78 79 80 81 82 * 84 85 1 2 3 4 5 6 7 8 9 10 11 * 13 14 15 16 17 18 19 20 21 22 23 24 25 26 27 28 29 30 31 32 33 * 35 * 37 38 39 40 41 42 43 44 45 46 47 48 
24 25 26 27 28 29 30 31 32 * 34 35 36 37 38 39 40 41 42 43 44 45 46 47 48 49 50 51 52 53 54 55 56 57 58 59 60 61 62 63 64 65 * 67 68 69 70 71 72 73 74 75 76 77 78 79 80 81 82 83 84 85 1 2 3 4 5 6 7 8 9 10 11 12 * 14 15 16 17 18 19 20 21 22 23 
* * 41 42 43 44 45 46 47 48 * 50 51 * * 54 55 56 57 58 59 60 61 * 63 64 65 66 67 68 69 70 * * 73 74 75 76 77 78 * 80 81 82 83 84 85 1 2 3 4 5 6 7 8 9 10 11 12 13 14 15 16 17 * 19 20 21 22 23 24 25 26 27 28 29 30 31 32 33 34 35 36 37 38 
53 54 55 56 57 58 59 60 61 62 63 64 65 66 67 68 69 70 71 72 73 74 75 76 77 78 79 80 81 82 83 * 85 1 2 3 * 5 6 7 8 * 10 11 12 * 14 * 16 17 18 19 20 * 22 23 24 25 26 27 28 29 30 31 * 33 34 35 36 37 * 39 40 41 42 43 44 45 46 47 48 49 50 51 52 
2 3 4 5 6 7 8 9 10 11 12 13 14 15 16 17 18 19 20 21 22 23 24 * * 27 28 29 30 31 32 33 34 35 36 37 38 39 40 41 42 43 44 45 46 * * 49 50 * 52 53 54 55 56 57 58 59 60 61 62 * 64 65 66 67 68 69 70 71 72 73 74 75 76 77 78 79 80 81 82 83 84 85 1 
33 * 35 36 37 38 39 40 41 42 43 44 45 46 47 48 49 50 51 52 53 54 55 56 57 58 59 60 61 62 63 64 65 66 67 * 69 70 71 72 73 74 75 76 77 78 * 80 81 82 83 84 85 1 2 3 4 * * 7 8 9 10 11 12 13 14 15 16 17 18 19 20 21 22 23 24 25 26 27 * 29 30 31 32 
75 76 77 78 * 80 81 82 83 84 85 * 2 3 * * 6 7 8 9 10 * 12 13 14 15 16 17 18 19 20 21 22 23 24 25 26 27 28 * 30 31 32 33 34 35 * 37 38 39 40 41 42 43 44 45 46 47 48 49 50 51 52 53 54 55 56 57 * 59 60 61 62 63 64 65 66 67 68 * 70 71 * 73 74 
