61 62 63 64 65 * 67 68 69 * 71 72 73 74 75 * 77 78 79 80 81 82 83 84 85 86 87 88 * 90 1 2 3 * 5 6 7 * 9 10 11 * 13 * 15 16 17 18 19 20 21 22 23 24 25 26 * 28 29 30 31 32 33 34 35 36 37 * 39 40 41 42 43 44 45 46 47 48 49 50 51 52 53 54 55 56 57 58 * * 
57 58 59 * 61 * 63 64 65 66 * 68 69 70 71 72 73 74 75 76 77 78 79 80 81 82 83 84 * 86 87 88 89 90 1 2 3 4 5 6 7 * 9 10 11 12 13 14 15 16 17 18 19 20 21 22 * 24 25 * 27 28 29 30 31 32 33 34 35 36 37 * 39 * 41 42 43 44 45 46 47 48 49 50 51 52 53 54 * 56 
84 85 86 87 88 89 90 1 2 3 4 5 6 7 8 9 10 11 12 * 14 * * 17 18 19 20 21 22 23 * 25 26 27 * 29 30 31 32 33 34 35 36 37 38 39 40 41 42 43 44 45 46 47 48 49 50 51 52 53 54 55 * 57 58 59 60 61 62 * * 65 66 * 68 69 70 71 72 73 74 75 76 77 78 * * 81 82 83 
45 46 47 48 49 * 51 * 53 54 * 56 57 * 59 60 61 62 63 64 65 66 67 * 69 70 71 72 73 74 75 76 77 78 79 80 81 82 83 84 85 86 * 88 89 90 1 2 3 * 5 * 7 * 9 10 11 12 13 14 15 16 17 18 19 20 21 22 23 24 25 * 27 28 29 30 31 32 33 34 35 * 37 38 39 40 41 42 43 * 
7 8 9 10 11 12 13 14 15 16 17 18 19 20 21 22 23 24 25 26 27 28 29 30 31 32 33 34 35 36 37 * 39 40 41 42 43 44 45 46 47 48 49 50 51 52 53 54 55 56 57 58 * 60 61 62 63 64 65 66 * * 69 70 71 72 73 74 75 76 77 78 79 80 81 82 83 84 85 86 87 88 89 90 1 2 3 4 5 6 
83 84 85 86 87 88 89 90 1 2 3 * 5 6 7 8 9 10 * 12 13 14 15 16 17 18 19 20 21 22 * 24 25 26 27 28 29 * 31 32 33 34 35 36 37 38 39 40 * 42 43 44 45 * 47 48 49 50 51 52 53 * 55 56 57 58 59 * 61 * 63 64 65 66 67 68 69 70 71 72 73 74 75 76 77 78 79 80 81 82 
23 24 25 26 27 28 29 30 31 32 33 34 35 36 37 38 39 40 41 42 43 44 45 46 47 48 49 50 51 52 53 54 55 56 57 58 59 60 * 62 63 64 65 * 67 68 69 70 71 72 73 74 75 76 77 78 79 80 81 82 83 84 85 86 87 88 89 90 * 2 3 4 * 6 7 8 9 10 * 12 13 14 15 16 17 * 19 20 21 22 
67 68 69 70 71 72 * 74 75 76 77 78 79 * 81 82 83 84 85 86 87 88 89 90 1 2 3 4 * 6 7 8 9 10 11 12 13 14 15 16 17 18 19 20 21 22 23 24 25 26 27 28 29 30 31 32 * 34 35 36 37 38 * 40 * * 43 44 45 46 47 48 49 50 51 52 53 54 55 56 57 58 * 60 * * * * 65 66 
56 57 58 59 60 61 62 63 64 65 66 67 68 69 70 71 72 73 74 75 76 77 78 79 80 81 82 83 84 85 86 87 88 89 90 1 2 3 * 5 * * 8 9 10 11 12 * * 15 16 17 18 19 20 * 22 23 * 25 26 * 28 29 30 31 32 33 34 35 36 * 38 39 40 41 42 43 44 45 46 47 48 49 50 51 52 53 54 55 
43 44 45 46 47 48 49 50 51 52 * 54 55 56 57 58 59 60 61 62 63 64 65 66 67 68 69 70 * 72 * 74 75 76 77 78 * 80 81 82 83 84 85 * 87 88 * 90 1 2 * 4 5 6 7 8 9 10 11 * 13 14 15 16 17 18 * 20 21 22 23 24 25 26 27 28 29 30 31 32 33 34 35 36 37 38 39 40 41 42 
* 26 * * 29 30 31 32 33 34 35 36 * 38 39 40 41 42 43 44 45 * 47 48 49 50 51 52 53 54 55 56 57 58 59 60 61 62 * 64 * 66 67 68 69 70 71 72 73 74 75 76 77 78 79 80 81 82 83 84 85 86 87 88 89 90 1 2 3 4 5 * 7 8 9 10 * 12 13 14 15 16 17 18 19 20 21 22 23 24 
86 87 * * 90 1 2 3 4 5 6 7 8 9 10 11 12 * 14 15 16 17 18 19 20 21 22 23 24 25 26 * 28 29 30 31 32 33 34 35 36 37 38 39 40 41 42 43 44 * * * 48 49 50 51 52 53 54 55 * 57 58 59 60 61 62 63 64 65 * 67 68 69 70 71 72 73 74 75 76 77 78 79 80 81 82 83 84 85 
* * 38 39 40 41 42 43 44 45 46 47 48 49 50 51 52 53 54 55 56 57 58 59 60 61 62 63 64 65 66 67 * 69 70 71 72 73 74 75 * 77 78 79 80 81 82 83 84 85 86 87 88 89 90 1 2 * * 5 * 7 8 9 * 11 12 13 14 15 16 17 * 19 20 21 22 23 24 25 26 27 28 29 30 31 * 33 34 35 
53 54 55 56 57 58 * 60 61 62 63 64 65 66 67 68 69 * 71 72 73 74 75 76 77 78 79 80 81 82 83 * 85 86 87 88 89 90 1 2 * 4 * 6 7 8 9 10 11 12 13 14 15 16 17 18 19 20 21 22 23 24 25 26 27 * 29 * 31 32 * 34 35 36 37 38 39 40 41 42 43 44 45 46 47 48 49 50 51 52 
85 86 87 88 89 90 1 2 3 4 5 6 7 8 9 10 11 12 13 14 15 16 17 18 19 20 21 22 23 24 25 26 27 28 29 30 31 32 * 34 35 36 37 38 * 40 41 42 43 44 45 46 47 48 49 50 51 52 * 54 55 * 57 58 59 60 61 62 63 64 65 66 67 68 69 70 71 72 73 74 75 76 77 78 * 80 81 82 83 84 
2 3 4 5 6 7 8 9 * 11 12 13 14 15 16 17 18 19 20 21 22 23 24 25 26 27 28 29 30 31 32 33 34 35 36 37 38 39 40 * 42 43 44 45 * 47 48 49 50 51 52 53 54 55 56 57 58 59 60 61 62 * 64 65 66 * 68 69 70 71 72 73 74 75 76 77 78 79 80 81 82 83 84 85 86 87 * 89 * * 
* 16 17 18 19 * 21 * * 24 25 26 27 * * 30 31 32 33 34 35 36 37 38 39 40 41 42 * * 45 46 * 48 49 50 51 52 53 54 * 56 57 58 59 60 * 62 63 64 65 66 67 68 69 70 * 72 73 74 75 76 * 78 79 80 81 82 83 84 85 86 87 88 89 90 1 2 3 4 5 6 7 8 9 10 11 12 13 14 
59 60 61 * 63 64 65 66 67 68 69 70 * 72 73 74 75 76 77 78 79 80 81 82 83 84 85 86 87 88 89 90 1 2 3 4 * 6 7 8 9 10 11 12 13 14 15 16 17 * 19 20 21 22 23 * 25 26 27 28 29 30 31 32 * 34 35 36 * 38 39 40 41 42 43 * 45 46 47 * 49 50 51 * 53 54 55 56 57 58 
3 4 5 6 7 8 * * 11 12 13 * 15 16 17 18 19 20 21 22 * * 25 26 * 28 29 30 31 32 * 34 35 36 37 38 39 40 41 42 43 44 45 46 47 48 49 50 51 52 53 54 55 56 57 * 59 60 61 62 63 64 65 66 67 68 69 70 * * 73 74 75 76 77 78 79 80 81 82 83 84 * 86 87 * * 90 1 2 
52 53 54 55 * 57 58 59 60 61 62 63 64 65 66 67 68 69 70 71 72 73 74 75 76 77 78 79 80 81 82 83 * 85 86 87 88 89 90 * 2 3 4 5 6 * 8 9 10 11 12 13 14 15 16 17 18 19 20 21 * 23 24 25 26 27 28 * 30 31 32 33 34 35 36 37 38 39 40 41 42 43 44 45 46 47 48 49 50 51 
68 * 70 71 72 * 74 75 * 77 78 * * 81 82 83 84 85 86 87 * 89 90 1 2 3 4 5 6 7 8 9 10 11 * 13 14 * 16 * 18 * 20 21 22 23 24 25 26 27 28 29 30 31 * 33 34 35 36 37 38 39 40 41 42 * 44 45 46 47 48 49 50 51 52 53 54 * 56 57 * 59 60 61 62 * * 65 66 67 
76 * 78 79 80 81 82 83 84 85 86 87 88 89 * 1 2 3 4 5 6 7 * 9 10 11 12 13 14 15 16 17 18 19 20 21 22 23 * 25 26 27 28 29 30 31 32 33 34 * 36 37 * 39 40 41 42 43 44 45 46 47 48 49 50 51 52 * 54 55 56 57 58 * 60 61 62 * 64 65 66 67 68 69 70 * 72 73 74 75 
* 34 35 36 37 38 39 40 41 * 43 44 45 46 47 48 49 50 51 52 53 54 55 56 57 58 59 60 61 * * 64 65 66 67 68 69 70 71 72 73 74 75 76 77 78 79 80 81 82 * 84 85 86 87 88 89 90 1 2 3 4 5 6 7 8 9 10 11 12 13 14 15 16 17 18 19 20 21 22 * 24 25 26 27 28 29 30 31 32 
31 32 33 34 35 36 37 38 39 40 41 * 43 44 45 46 47 48 49 50 51 52 53 54 55 56 57 58 * 60 * 62 63 64 65 66 67 68 69 70 71 72 73 74 * * 77 78 79 80 81 82 83 84 85 86 87 88 89 90 * 2 3 4 * 6 7 8 9 10 11 12 13 14 15 16 17 18 19 20 21 22 23 24 * 26 27 28 29 30 
47 48 49 50 51 52 53 54 55 56 57 58 59 60 61 62 63 64 65 66 67 68 69 70 71 72 73 74 75 76 77 78 79 80 81 82 83 84 85 86 87 * 89 90 1 2 3 * 5 6 7 8 9 10 11 12 13 14 15 16 17 18 19 20 21 22 23 24 25 26 27 28 29 30 31 32 * 34 35 36 37 38 39 40 41 42 43 44 45 46 
4 5 6 7 * 9 10 11 12 * 14 15 16 17 * 19 20 21 22 * 24 * 26 27 28 29 30 31 32 * 34 * 36 * 38 39 40 41 42 43 44 45 46 47 48 49 50 51 52 53 54 55 * 57 58 * 60 61 62 63 64 65 66 67 68 69 70 71 * 73 74 75 76 77 78 79 80 81 82 83 84 85 86 * 88 89 90 1 2 3 
89 90 1 2 3 4 5 6 7 8 9 10 11 12 13 14 15 16 17 18 19 * 21 22 23 24 25 26 27 28 * 30 31 32 33 34 35 36 37 38 39 40 41 42 43 44 * 46 47 48 49 50 51 52 53 54 55 56 57 58 59 60 61 62 63 64 65 66 67 68 69 70 71 * * 74 75 76 77 78 79 * 81 82 83 84 85 86 87 88 
81 82 83 84 85 86 87 88 89 90 1 2 3 4 5 6 7 8 9 10 * 12 * 14 15 16 17 18 19 20 21 22 23 24 25 26 27 28 29 30 31 32 33 34 * * 37 38 39 40 41 * 43 * * 46 47 48 49 50 51 52 53 54 55 56 * * 59 60 61 62 63 64 65 66 67 68 69 70 71 72 * 74 75 76 77 78 79 80 
58 59 60 61 62 63 64 65 66 67 68 69 * 71 72 73 74 75 76 77 78 79 80 81 82 * 84 85 86 87 88 * 90 1 * 3 4 5 6 7 8 9 10 11 12 13 14 15 16 17 18 19 20 21 22 * 24 25 26 27 * 29 30 31 32 33 34 * 36 37 38 39 40 41 42 43 44 45 46 47 * 49 50 51 52 53 54 * 56 57 
24 25 26 27 28 29 30 31 32 * 34 35 36 37 38 * 40 * 42 43 44 45 46 47 48 49 50 51 52 53 54 55 * 57 58 59 * 61 62 63 64 * 66 67 68 69 70 71 72 73 * 75 76 77 78 79 80 81 82 83 * 85 * 87 88 89 90 1 2 3 4 5 6 7 8 9 10 11 12 13 14 15 16 * 18 19 20 21 22 23 
29 30 31 * 33 34 35 36 37 38 39 40 41 42 43 44 45 46 47 48 49 50 51 52 53 54 55 56 57 58 59 60 61 62 63 64 65 66 67 68 69 70 71 72 73 74 * 76 77 78 79 80 81 82 83 84 85 86 87 88 89 90 1 2 * 4 5 6 7 8 9 10 11 12 13 14 15 16 17 18 19 20 21 22 23 24 25 26 * 28 
69 70 71 * 73 74 75 76 77 78 79 80 81 * 83 84 85 86 87 88 89 90 1 2 3 4 5 6 7 8 9 10 11 12 13 14 15 16 * 18 19 20 21 22 * 24 25 * 27 28 * 30 31 32 33 34 35 36 37 38 39 40 * 42 * 44 45 * 47 48 49 50 51 52 53 54 55 56 57 58 59 60 61 62 63 64 * 66 * 68 
82 83 84 85 86 87 * 89 90 1 2 3 4 5 * 7 * 9 10 11 12 13 14 15 * 17 18 19 20 21 22 23 * 25 * 27 28 * * 31 32 33 34 35 * 37 38 39 40 * 42 43 44 45 46 47 48 49 50 51 52 53 54 55 56 57 58 59 60 61 62 * 64 65 66 67 68 69 70 71 72 73 * * 76 77 78 79 80 81 
27 28 29 30 31 32 33 34 35 36 37 38 39 40 41 * 43 44 45 46 * 48 49 50 51 52 * 54 * 56 57 58 59 60 61 62 63 64 65 66 67 * 69 * 71 * 73 74 75 76 77 78 79 80 81 * * 84 85 86 87 88 89 90 1 2 3 4 5 * 7 8 9 10 11 12 13 * 15 16 17 18 19 20 21 22 * 24 25 26 
73 74 75 76 77 78 79 80 81 82 * 84 85 86 87 88 89 90 1 2 3 4 5 6 7 8 9 * 11 12 13 14 15 16 17 18 19 20 21 * 23 * 25 26 27 28 29 30 31 32 33 34 35 36 37 38 39 40 41 * 43 44 45 46 47 48 49 50 51 52 53 54 55 * 57 58 59 60 61 62 * 64 65 66 67 68 69 70 71 72 
5 6 7 8 9 10 11 12 13 * 15 16 17 18 * 20 21 22 23 24 25 26 27 * 29 30 31 32 33 34 35 36 * 38 39 40 41 42 43 44 45 46 47 48 49 50 51 52 53 54 55 56 57 58 * 60 61 62 63 64 65 66 67 68 69 70 71 72 73 74 75 76 77 78 79 80 81 82 83 84 85 86 87 88 89 90 1 * 3 4 
64 65 66 67 68 69 70 71 72 * 74 75 76 77 78 79 80 81 82 83 * 85 86 87 88 89 90 1 2 3 4 5 6 7 8 9 10 11 12 13 14 15 16 17 18 19 20 21 22 23 24 25 26 27 28 29 30 31 * 33 34 35 * 37 38 * 40 41 42 43 44 45 46 47 48 49 * * 52 53 54 55 56 57 58 59 * 61 * 63 
* 1 2 3 4 5 6 7 8 9 10 11 * 13 14 15 16 17 18 19 20 21 22 23 24 25 26 27 28 29 30 31 32 33 34 35 36 37 38 39 40 41 42 43 44 45 46 47 48 49 50 51 52 53 54 55 56 57 * 59 * 61 62 * 64 65 66 67 * 69 70 71 72 * 74 * 76 77 78 79 80 * 82 83 84 * 86 87 88 * 
35 36 37 38 39 40 41 * 43 44 45 46 47 48 49 50 51 52 53 54 55 56 57 58 59 60 61 62 63 64 65 66 67 68 69 70 71 72 73 74 75 76 77 78 79 80 81 82 83 84 85 86 87 88 89 90 1 2 3 4 5 6 7 * 9 10 11 12 13 14 15 16 17 18 19 * 21 22 23 24 25 26 27 28 29 30 31 * 33 34 
63 64 65 66 67 68 69 70 71 72 73 74 75 76 77 78 79 80 81 82 83 84 85 86 87 88 89 90 1 2 3 4 5 6 7 8 9 10 11 12 13 14 15 16 17 18 19 20 21 22 23 24 25 26 27 28 29 30 31 32 33 34 * 36 37 38 39 40 41 42 43 44 45 46 47 48 49 50 51 52 53 54 55 56 57 * 59 60 61 62 
20 21 22 23 24 25 26 27 28 29 30 31 32 33 34 35 36 37 38 39 * 41 42 43 44 45 46 47 48 49 50 51 * 53 54 * 56 57 * 59 60 61 62 * 64 * 66 67 68 69 70 71 72 * 74 75 76 77 78 79 80 81 82 83 84 85 86 87 88 89 * * * 3 4 5 6 7 8 9 10 11 12 13 14 15 16 17 18 19 
* 89 90 1 2 3 4 5 6 7 8 9 10 11 12 13 14 15 16 17 18 19 20 21 22 23 24 25 * 27 28 29 30 31 32 33 34 35 36 37 38 39 40 41 42 43 44 45 46 47 48 49 50 51 52 * * 55 56 57 * 59 60 61 62 63 64 65 66 67 68 69 70 71 72 73 * 75 76 77 78 79 80 81 82 83 84 85 86 87 
39 * 41 42 43 44 45 * 47 48 49 50 51 52 53 54 55 * 57 58 59 60 61 62 63 * 65 66 67 68 69 70 71 * 73 74 75 76 77 * 79 80 81 82 83 84 85 86 87 88 89 90 1 2 3 4 5 6 7 8 9 10 * * 13 14 15 16 17 18 * * 21 22 23 24 25 26 27 28 29 30 31 32 33 * 35 * 37 38 
21 22 23 24 25 26 27 28 29 30 31 32 33 34 * * 37 38 * * 41 42 43 44 45 46 47 48 49 50 51 52 * 54 55 56 57 58 59 60 61 62 63 64 65 66 67 68 69 70 71 72 73 74 75 76 77 78 79 * 81 82 83 84 85 * 87 88 89 90 1 2 3 * 5 6 7 8 9 10 * 12 13 14 * 16 17 * 19 20 
41 42 43 44 45 46 47 48 49 50 51 52 53 54 55 56 57 58 59 60 61 62 * 64 * 66 67 * 69 70 71 72 73 74 75 76 77 78 79 80 81 82 83 84 85 86 87 88 89 90 1 2 3 4 5 6 7 8 9 * * * 13 14 15 16 17 18 19 * 21 22 23 24 25 26 27 28 29 30 31 32 33 34 * 36 37 38 39 40 
37 38 39 40 41 42 43 44 45 * 47 48 49 50 51 52 53 54 55 56 57 58 59 60 * 62 63 64 65 66 67 68 69 70 71 72 73 * 75 76 * 78 79 80 81 82 83 84 85 86 87 88 89 90 1 * 3 * 5 6 7 8 9 10 11 12 13 14 15 * 17 18 19 20 * * 23 24 25 26 27 28 29 * 31 32 33 34 * 36 
74 75 76 77 78 79 80 81 82 83 84 85 86 87 88 89 90 1 2 3 4 5 6 7 8 9 * 11 12 13 14 15 * 17 * 19 20 21 * 23 24 25 26 27 28 29 30 31 32 33 34 35 36 37 * 39 40 41 42 43 44 45 46 47 48 49 50 51 52 53 54 55 56 57 * 59 60 61 62 63 64 65 66 67 68 69 70 71 72 73 
46 47 48 * 50 51 52 53 54 * 56 57 58 59 60 61 62 63 * 65 66 67 68 69 * 71 72 73 74 75 76 77 78 79 80 81 82 83 84 85 86 * 88 89 90 * 2 3 4 5 6 7 8 9 10 11 12 13 14 15 16 17 18 * 20 21 22 23 24 25 26 27 28 29 30 31 32 33 34 35 36 37 38 39 40 41 42 43 44 45 
60 61 62 63 64 65 66 * 68 69 70 71 72 73 * 75 76 77 78 79 80 81 82 83 84 85 86 87 88 89 90 1 2 3 4 5 6 7 8 9 10 11 12 13 14 15 16 17 18 19 20 21 22 23 24 * 26 27 28 29 30 31 32 33 34 35 36 37 38 * 40 41 42 43 44 45 46 47 48 49 * 51 52 53 54 55 56 57 58 59 
50 * 52 53 54 * 56 57 58 59 60 61 62 63 64 65 66 67 68 69 * 71 72 73 74 75 76 77 78 79 80 81 82 83 84 85 * 87 88 89 90 1 2 * 4 5 6 7 8 9 10 11 12 13 14 15 16 17 18 19 20 * 22 23 24 25 26 27 28 29 30 31 32 33 34 35 36 37 38 39 40 41 42 43 44 45 46 47 48 49 
40 41 42 43 44 45 46 47 48 49 * * 52 53 54 55 56 57 58 59 60 61 62 63 * 65 66 67 68 69 70 71 72 73 74 75 * 77 * * 80 81 82 83 84 85 86 * 88 89 90 1 * 3 4 5 6 * 8 9 10 11 12 13 14 15 16 17 18 19 20 21 22 23 24 25 26 27 * 29 30 * 32 33 34 35 * 37 38 39 
44 45 46 47 48 49 50 * 52 53 54 * 56 57 58 59 60 61 62 63 64 65 66 67 68 69 70 71 72 73 74 75 76 77 78 * 80 81 * 83 84 85 86 87 88 89 90 1 2 3 4 5 6 * 8 9 10 11 12 13 * 15 16 17 18 19 20 21 22 23 * 25 26 27 28 29 30 31 32 33 34 35 36 37 38 39 40 41 42 43 
62 63 64 65 66 67 68 * 70 71 72 73 74 75 76 77 78 79 80 81 82 83 84 85 86 87 88 89 90 1 2 3 4 5 6 7 8 * 10 11 12 13 14 15 16 17 18 19 20 21 22 23 24 25 26 27 28 29 30 31 32 33 34 35 36 37 38 39 40 * 42 43 44 45 46 47 48 49 50 51 * 53 54 * * * 58 59 60 61 
11 12 * 14 15 16 17 * 19 20 21 22 23 24 25 * 27 28 29 30 31 32 33 * 35 36 37 38 39 40 41 42 43 44 45 * 47 48 49 50 51 52 53 54 55 56 57 58 59 60 61 62 63 64 65 66 67 68 69 70 71 72 73 74 75 76 77 78 79 80 81 82 83 84 85 * 87 88 89 90 1 2 3 4 5 6 7 8 9 10 
34 35 36 37 38 39 40 41 42 43 * 45 46 47 48 49 50 * 52 53 54 55 * 57 58 59 60 61 62 63 64 65 66 67 68 69 70 71 72 73 74 75 76 77 78 79 80 81 82 * * 85 86 87 88 89 * 1 2 3 4 5 6 7 8 9 10 11 12 13 14 15 16 17 18 19 20 21 22 23 24 25 26 27 28 29 30 31 32 33 
87 88 89 90 1 2 3 4 5 6 7 8 9 10 11 12 13 * * * 17 18 19 * 21 22 23 24 25 26 27 28 29 30 31 32 33 34 35 * 37 38 39 40 41 42 43 44 45 46 47 48 49 50 * 52 53 54 55 56 57 58 59 60 61 62 63 64 65 66 67 68 69 70 71 72 73 74 75 76 77 78 79 80 81 82 83 84 85 86 
75 * 77 78 79 80 81 82 83 84 * 86 87 88 89 * 1 * 3 4 5 6 7 8 9 10 11 * 13 14 15 16 17 18 19 20 21 22 23 24 * 26 27 28 29 30 31 32 33 34 35 36 37 38 39 40 * 42 43 * 45 46 47 48 49 50 51 52 * 54 55 56 57 58 59 60 * 62 63 * 65 66 67 68 * 70 71 72 73 74 
12 13 14 15 16 17 18 19 20 * 22 23 24 25 26 * 28 29 30 31 32 33 34 35 36 37 38 39 * * 42 43 * 45 46 * 48 49 50 51 52 53 54 55 56 57 58 59 60 61 62 63 64 65 66 67 68 69 70 71 72 * 74 * 76 77 78 79 80 81 82 83 84 85 86 87 88 89 90 1 2 3 4 5 * 7 8 9 10 11 
22 23 24 25 26 27 28 29 30 31 32 33 34 35 36 37 38 39 40 41 42 43 44 45 46 47 * * 50 51 52 53 54 55 56 57 58 59 60 61 62 63 64 65 * 67 68 69 70 * 72 73 74 75 76 77 * 79 80 81 * 83 84 85 86 87 88 89 90 1 2 3 4 5 6 7 8 9 10 11 12 13 14 * 16 17 18 19 20 21 
71 72 73 74 75 76 77 78 79 80 81 82 83 84 85 86 87 88 89 90 1 2 3 4 * 6 7 8 9 10 11 12 * 14 15 16 17 18 19 20 21 22 * 24 25 26 27 28 * 30 31 * 33 34 35 36 * * 39 * 41 42 43 44 45 * 47 * 49 50 * * 53 54 55 56 * 58 * 60 61 62 63 64 65 66 * 68 69 70 
8 9 10 11 12 13 14 15 16 17 18 19 * 21 22 * 24 25 26 27 28 29 30 31 32 33 34 35 36 37 38 39 40 41 42 43 44 45 46 47 48 49 50 51 52 53 54 55 56 57 58 59 60 61 62 63 * 65 * 67 * 69 70 71 72 73 74 75 76 77 78 * 80 81 82 83 84 * * * 88 * 90 1 2 3 4 5 6 7 
32 33 34 35 36 * 38 39 40 41 42 * 44 45 46 47 48 49 50 51 52 53 * 55 56 57 58 59 60 * 62 63 64 65 66 67 68 69 70 * 72 73 * 75 76 * 78 79 80 81 82 83 84 85 86 87 88 89 90 * 2 3 4 5 6 7 * 9 10 11 12 13 14 15 16 17 18 * 20 21 22 23 24 25 26 27 28 29 30 31 
16 17 * 19 20 21 22 23 24 25 26 27 28 29 30 31 32 33 34 35 36 37 38 39 40 41 42 43 44 45 46 47 48 49 50 51 * 53 * * 56 57 58 59 60 61 * 63 64 * 66 67 68 69 70 71 72 * 74 75 76 77 78 79 80 81 82 83 84 85 86 87 88 89 * 1 2 * 4 5 * 7 8 * 10 11 12 13 14 15 
* 50 51 52 53 54 55 56 57 58 59 * 61 62 * 64 65 66 67 68 69 70 71 72 73 * 75 76 77 78 79 80 81 82 83 84 85 86 87 88 89 90 1 2 3 4 5 6 7 * 9 10 11 12 * 14 15 16 * * 19 20 21 * 23 24 25 26 * 28 * 30 31 32 33 * 35 * 37 38 39 40 41 42 43 44 45 46 47 48 
13 14 15 16 17 18 19 20 21 22 23 24 25 * 27 28 29 30 31 32 33 34 35 36 37 38 39 40 41 42 43 44 45 46 47 48 * 50 51 52 53 54 * 56 57 * 59 60 61 * 63 64 65 66 67 68 69 70 71 72 73 * 75 76 * * 79 80 * 82 83 84 85 86 87 88 89 90 1 2 3 4 * 6 7 8 9 10 * 12 
10 11 12 13 14 15 * 17 18 19 20 21 * 23 24 * * 27 28 29 * 31 32 33 34 35 36 * 38 39 40 41 42 43 44 45 46 47 48 49 50 51 52 53 54 55 56 57 58 59 * 61 62 63 64 65 66 67 68 69 70 71 * 73 74 * * 77 78 79 80 81 82 83 84 85 86 87 88 89 90 1 2 3 4 5 6 7 8 9 
51 52 53 * 55 56 57 58 * 60 61 62 * 64 65 66 67 * 69 70 71 72 73 74 * 76 77 78 79 80 81 82 83 84 85 86 87 88 89 * 1 2 3 4 5 6 7 8 9 10 11 12 13 14 15 16 17 18 19 20 * 22 23 24 25 26 * 28 29 30 * 32 33 34 35 36 37 38 39 40 41 * 43 44 45 46 47 48 49 50 
* 7 8 * 10 11 12 13 14 15 16 17 18 19 20 * 22 23 24 25 26 27 28 * 30 31 32 33 34 35 36 37 38 39 40 41 42 * 44 45 46 47 48 49 50 51 * 53 54 55 56 57 * 59 60 * 62 63 64 65 66 67 68 69 70 * 72 73 74 75 76 77 78 79 80 81 82 83 84 * 86 87 * 89 * 1 2 3 4 5 
14 15 16 17 18 19 20 * 22 23 * 25 26 27 28 29 30 31 32 33 34 35 36 37 38 39 40 41 42 43 44 45 46 47 48 49 50 51 52 53 54 55 56 57 58 59 60 61 62 63 64 65 66 67 68 69 70 71 72 73 74 75 76 77 78 79 80 81 82 83 84 85 86 87 88 89 90 1 2 3 4 5 6 * 8 9 10 11 12 13 
28 * 30 31 32 33 * 35 36 37 38 39 40 41 42 43 44 45 46 * 48 49 50 51 52 53 54 55 56 57 58 59 60 61 62 63 64 65 66 67 68 69 70 * 72 73 74 75 76 77 78 79 80 81 82 83 84 85 86 87 88 89 90 1 2 3 4 5 6 7 8 9 10 11 12 13 14 15 * 17 18 19 20 21 22 * 24 25 26 * 
1 2 3 4 5 6 7 8 9 10 11 12 13 14 15 16 17 18 19 20 21 22 23 24 * 26 27 28 29 30 31 32 33 34 * 36 37 38 39 40 41 42 43 44 * 46 47 48 49 50 51 52 53 54 55 56 57 * * 60 61 62 63 64 65 66 67 68 69 70 71 72 73 74 75 76 77 78 79 80 81 82 83 84 * 86 87 88 89 90 
79 80 81 * 83 84 85 86 87 88 89 90 1 2 3 4 5 6 7 8 9 10 11 12 13 14 15 16 * 18 19 20 21 22 23 24 25 26 27 * 29 30 31 32 33 34 * 36 37 38 39 40 41 42 43 44 45 46 47 48 49 50 * 52 53 54 55 56 57 58 59 60 61 62 63 64 65 66 67 68 * 70 71 72 73 74 75 76 77 78 
65 66 67 68 69 70 71 72 73 74 75 76 77 78 79 80 81 82 83 84 85 86 87 88 89 90 1 2 3 4 5 6 * 8 9 10 11 12 13 14 15 16 17 18 19 20 21 22 23 24 25 26 27 28 29 30 31 * 33 34 * * 37 38 39 40 * 42 43 44 45 46 47 48 49 50 51 52 53 54 55 56 57 58 59 60 * 62 63 64 
42 43 44 45 46 47 48 49 50 51 * 53 54 55 56 57 58 59 60 61 62 63 64 65 * 67 68 69 70 * 72 73 74 75 76 77 78 79 80 81 82 83 84 85 86 87 88 89 90 1 2 3 4 5 6 7 8 9 10 11 12 13 14 15 16 17 18 19 20 21 22 23 24 25 26 27 28 29 30 31 32 33 34 35 36 37 38 39 40 41 
72 73 74 75 76 77 78 79 80 81 82 83 84 85 86 87 88 89 90 1 2 3 4 5 6 7 8 9 10 11 12 13 14 15 16 17 18 19 20 21 22 23 24 * 26 27 28 29 30 31 32 33 34 35 36 37 38 * 40 41 42 * 44 45 46 * 48 49 50 51 * 53 54 55 56 57 58 59 60 61 62 63 * 65 66 * 68 69 70 71 
18 19 20 21 22 23 24 25 26 27 28 29 30 31 32 * 34 35 36 37 38 39 40 41 42 43 44 45 46 47 * 49 50 * 52 53 54 55 56 57 58 59 60 61 62 * 64 65 * 67 68 69 70 71 72 73 74 75 76 77 78 * 80 81 82 83 84 85 86 87 * 89 90 1 2 3 4 5 6 7 8 * 10 11 12 13 14 15 * 17 
80 81 82 83 84 85 86 87 88 89 * 1 2 3 4 5 6 7 8 9 10 11 12 13 * 15 16 17 * 19 20 21 22 * 24 25 26 27 28 * 30 * 32 33 34 35 36 37 38 39 40 41 42 43 44 45 46 47 48 49 50 51 52 53 54 55 56 57 58 59 * 61 62 63 64 65 66 67 68 69 70 71 72 * 74 75 76 * 78 79 
38 39 40 41 42 43 44 45 46 47 48 49 50 51 52 53 * 55 56 57 58 59 60 61 62 63 64 65 66 67 68 69 70 71 72 73 74 75 76 77 78 * * 81 82 83 * 85 86 87 88 89 90 * 2 3 4 5 6 7 8 9 10 11 12 13 14 15 16 17 18 19 20 * 22 23 24 * 26 27 28 * 30 * 32 33 34 35 36 37 
* 18 19 20 21 22 23 24 * 26 27 28 29 30 31 32 33 34 35 36 37 * 39 40 41 42 43 44 * 46 47 48 49 50 51 52 53 54 55 56 57 58 * 60 * 62 63 64 65 66 67 68 69 70 71 72 73 74 75 76 77 78 79 80 81 82 83 84 85 86 87 88 89 90 1 2 3 * 5 6 7 * 9 10 11 12 13 14 15 16 
54 55 56 57 58 * 60 61 62 * * 65 66 67 68 69 * 71 72 73 74 75 76 77 * 79 80 81 82 83 * 85 86 87 88 89 90 1 2 3 4 5 6 7 8 9 10 11 12 13 14 * 16 17 18 19 20 21 * 23 24 25 26 27 28 29 30 31 32 33 34 35 * 37 38 39 * 41 42 43 44 * 46 47 48 49 * 51 52 53 
78 79 80 81 82 83 84 85 86 87 88 89 90 1 2 3 4 5 6 7 8 9 10 11 12 13 14 * * 17 18 19 20 * 22 23 24 * * 27 28 29 30 31 32 33 34 35 36 * * 39 * 41 42 43 44 45 46 47 48 49 50 51 52 53 54 * 56 57 58 59 60 * 62 63 64 65 66 67 68 69 * 71 72 73 74 75 * 77 
26 27 28 29 30 31 * 33 34 35 36 37 38 39 40 41 * 43 44 45 46 47 48 49 50 51 52 53 54 55 56 57 58 59 60 * 62 63 64 65 66 67 68 * 70 71 72 73 74 75 76 77 * 79 80 81 82 83 84 85 86 87 88 89 90 1 2 3 4 * * 7 8 9 10 11 12 13 14 * 16 * * 19 * * 22 23 24 25 
9 10 11 12 13 14 15 16 17 18 19 20 * 22 23 24 25 26 27 28 29 * 31 32 * 34 35 36 37 38 39 40 41 42 43 44 45 46 47 48 49 50 51 52 53 54 55 56 57 58 59 60 61 62 * 64 65 66 67 68 69 70 71 72 * 74 75 * 77 78 79 * 81 * 83 84 85 86 87 88 89 * 1 2 3 4 5 6 7 8 
48 49 50 51 52 53 54 55 56 * 58 59 60 61 62 63 * 65 66 67 68 69 70 71 72 73 74 75 76 77 78 79 80 81 82 83 84 85 86 87 88 89 90 1 2 3 4 5 6 * 8 9 10 11 12 13 14 15 16 17 18 19 20 21 22 23 24 25 26 27 28 * * 31 32 33 34 35 36 37 38 39 40 41 42 43 44 45 46 47 
30 31 32 33 34 35 36 37 38 39 40 41 42 43 44 45 46 47 48 49 50 * 52 53 54 * 56 57 58 59 60 61 62 63 64 65 66 67 68 69 * 71 72 73 74 75 76 77 78 79 80 81 82 83 84 85 86 87 88 89 90 1 2 3 4 5 6 7 8 9 * 11 12 13 14 15 16 * 18 19 20 21 22 23 24 25 * * * 29 
70 71 72 73 74 75 76 77 78 79 80 81 82 83 84 85 86 87 88 89 90 * 2 3 4 5 6 7 8 9 10 11 12 13 14 15 16 17 18 19 20 21 22 23 24 * 26 27 28 29 30 31 32 33 34 35 36 37 38 39 40 41 42 43 44 45 46 47 48 49 50 51 52 53 54 55 56 57 58 59 60 61 62 63 64 65 66 67 68 * 
55 56 57 58 59 60 61 62 63 64 65 66 67 68 69 70 * * 73 74 75 76 77 78 79 * * 82 83 84 85 86 87 88 89 90 1 2 3 4 5 6 7 * 9 10 11 12 13 14 15 16 17 18 19 * 21 22 23 24 25 26 27 28 29 30 31 32 33 34 * 36 37 38 39 40 41 42 * 44 45 * 47 48 49 50 51 52 53 54 
19 20 21 22 23 24 25 26 27 28 29 30 31 32 33 34 35 36 37 38 39 40 41 42 * 44 45 46 47 48 49 50 51 52 53 54 55 * 57 58 59 60 61 62 63 64 65 66 67 68 69 * 71 72 73 74 75 * 77 78 79 * 81 82 83 84 85 86 87 88 89 90 * 2 3 4 5 6 7 8 9 10 11 12 * 14 15 16 17 18 
66 67 68 69 70 71 * * 74 75 76 77 78 79 * 81 * 83 84 85 86 87 88 89 90 1 2 3 4 5 6 7 8 9 10 11 12 * 14 15 16 17 18 19 20 21 22 23 24 25 26 27 28 29 30 31 32 33 34 35 36 37 38 39 * 41 42 43 44 45 46 47 48 49 50 51 52 53 * 55 56 57 58 59 60 61 62 63 64 65 
* 78 79 80 81 82 83 84 85 86 87 88 89 90 1 * * 4 5 * 7 * * 10 * 12 13 14 15 16 17 18 19 * 21 22 23 24 25 * 27 28 29 30 * 32 33 34 35 36 37 38 39 40 41 42 43 44 45 46 47 48 49 50 51 52 53 54 55 56 57 58 59 60 61 62 63 64 65 66 67 68 69 70 71 72 73 74 75 76 
