8 9 10 11 12 13 14 * 16 17 18 19 20 1 2 3 4 5 6 7 
17 18 19 20 1 2 3 4 5 6 7 8 9 10 11 12 13 14 15 16 
1 2 3 4 * 6 7 8 9 10 11 * 13 14 * * 17 18 19 20 
20 1 2 3 4 5 6 7 8 9 10 11 12 13 14 15 16 17 18 19 
7 8 9 10 11 12 13 14 15 16 17 18 19 20 * 2 3 4 5 6 
9 10 11 12 13 14 * 16 17 18 19 20 1 2 3 4 5 * 7 8 
* 5 6 * 8 9 10 * 12 13 14 15 16 17 18 19 20 1 * 3 
16 17 18 19 20 * 2 3 * 5 6 7 8 * 10 11 12 13 14 15 
10 11 12 13 14 15 16 17 18 19 20 1 2 3 4 5 6 7 8 9 
13 14 15 16 17 18 19 20 * 2 3 4 5 6 7 8 9 10 11 * 
19 20 1 2 3 4 5 6 * 8 9 10 11 12 13 14 15 * 17 18 
11 12 13 14 15 16 17 18 19 20 1 2 3 4 5 6 7 8 9 * 
5 6 7 8 9 10 11 12 13 * 15 16 17 18 19 20 1 2 * 4 
* 15 16 17 18 19 20 1 2 * 4 5 6 7 8 9 10 11 12 * 
* 13 14 15 16 17 18 19 20 1 2 3 4 5 6 7 8 9 10 11 
2 3 4 5 6 7 8 9 10 * 12 13 14 15 * 17 18 * * 1 
15 16 17 18 19 20 1 2 3 4 5 6 7 8 * 10 11 12 * 14 
18 19 * 1 2 3 4 5 * 7 8 9 10 11 12 13 * 15 16 17 
3 4 5 6 7 8 9 10 11 12 13 * 15 16 17 18 19 * 1 2 
6 7 8 9 10 11 * 13 14 15 * 17 18 19 20 1 2 3 4 5 
