2 3 4 5 6 7 8 9 10 11 12 13 14 * 16 17 18 19 20 21 22 23 24 25 1 
* 20 21 22 23 24 25 * 2 * 4 5 6 7 8 9 10 11 12 13 14 15 16 17 18 
18 19 20 21 22 23 24 25 1 2 3 4 5 6 * 8 9 10 11 * 13 14 15 16 17 
5 6 * 8 9 10 11 12 13 14 15 16 17 18 19 20 21 22 23 24 25 1 2 3 4 
8 9 10 11 12 * 14 15 16 * 18 19 20 21 * 23 24 25 1 2 3 * 5 6 7 
11 12 13 * 15 16 17 18 19 20 * 22 23 24 25 1 2 3 4 5 6 7 8 9 * 
24 25 1 2 3 4 5 6 * 8 9 10 11 12 13 14 15 16 17 18 19 20 21 22 23 
* * * 9 10 11 12 13 14 15 16 * 18 19 20 21 22 23 * 25 1 2 * 4 * 
3 4 5 6 7 8 9 10 11 12 13 14 15 16 17 18 19 20 21 22 23 24 25 1 * 
* 18 19 20 21 22 23 24 25 1 2 3 4 5 * 7 8 9 10 11 12 13 14 15 16 
20 21 22 * 24 25 1 2 3 4 5 * * * 9 10 11 * 13 14 15 16 17 18 19 
15 16 17 * 19 20 21 22 23 24 * 1 2 3 4 5 6 7 8 9 10 11 12 13 14 
4 5 6 7 * 9 10 * 12 * * 15 16 17 18 19 20 21 22 * 24 25 1 2 3 
9 10 11 12 13 14 15 16 17 18 19 20 21 22 23 24 25 1 2 3 4 5 6 7 8 
7 8 9 10 11 12 13 14 15 16 * 18 19 * 21 22 23 24 25 * 2 3 4 5 6 
21 22 * 24 25 1 2 3 4 5 6 7 8 9 10 11 12 13 14 * 16 17 18 19 20 
23 24 25 1 2 * 4 5 6 7 8 9 10 11 12 13 14 15 * * * 19 20 21 22 
13 14 15 16 * 18 19 20 21 22 23 24 25 * 2 3 4 5 6 7 8 9 10 * 12 
16 17 18 19 20 21 22 23 24 25 1 2 3 4 5 * * 8 9 * 11 12 13 14 15 
14 15 16 17 18 * 20 21 22 23 24 25 1 2 3 4 5 6 7 8 9 10 11 12 13 
22 23 * 25 1 2 3 4 5 6 7 8 9 10 11 12 13 14 15 16 17 18 19 * 21 
12 13 14 15 * 17 18 19 20 21 22 23 24 25 1 2 3 4 5 6 7 8 9 10 11 
* 1 2 3 4 5 6 7 8 9 10 11 12 13 14 15 16 17 18 19 * 21 22 * 24 
10 11 12 13 14 15 16 17 18 19 20 21 22 23 24 25 1 2 3 4 5 * 7 8 9 
1 2 3 4 5 6 * 8 9 10 11 12 13 14 15 16 17 18 19 20 * 22 23 24 25 
