8 9 10 * 12 13 14 15 16 17 18 19 20 21 22 * 24 25 26 27 28 29 30 1 2 3 4 5 * 7 
17 18 19 20 21 22 23 24 25 * 27 28 29 30 1 2 3 4 5 6 7 8 9 10 11 12 * 14 15 16 
1 2 * 4 5 6 7 8 9 10 11 12 13 14 15 16 17 18 19 * 21 22 23 24 25 26 27 28 29 30 
20 21 22 23 24 * 26 27 28 * * 1 2 3 4 5 6 7 8 * 10 11 12 13 14 15 16 17 18 19 
7 * 9 10 * 12 13 14 15 16 17 18 19 20 21 22 23 24 25 26 27 28 29 30 1 2 3 4 5 6 
9 10 11 12 13 * * 16 17 * 19 20 21 22 23 24 25 26 27 28 29 30 1 2 * 4 5 6 7 8 
* 24 25 * 27 28 29 30 * 2 3 4 5 6 7 8 9 10 11 12 13 14 15 16 * 18 19 20 21 22 
16 17 18 19 * * 22 23 * 25 26 27 28 * 30 1 2 3 4 * 6 7 * 9 10 11 12 13 * 15 
27 28 29 30 1 2 3 4 5 6 7 8 9 10 11 12 13 14 15 16 17 18 19 20 21 22 23 24 25 26 
13 14 * 16 17 18 19 20 21 22 23 24 25 26 27 28 29 30 1 2 * 4 5 6 7 8 9 10 * * 
25 26 27 28 29 30 1 2 * 4 5 6 7 * 9 10 11 12 13 14 15 16 17 18 19 20 21 22 * 24 
28 29 30 1 2 3 4 5 6 7 8 9 10 11 12 13 14 15 16 17 18 19 20 21 22 23 24 25 26 27 
5 6 7 8 9 10 11 12 13 14 15 * 17 18 19 20 21 22 23 24 25 26 27 28 29 * 1 2 * 4 
14 15 16 17 18 19 * 21 22 23 24 25 26 27 28 29 30 1 2 * 4 5 6 7 8 9 10 11 12 * 
30 1 2 3 4 5 6 7 8 * 10 11 12 * * 15 16 17 18 19 20 21 * 23 * 25 26 27 * 29 
2 3 4 5 6 7 8 9 * 11 12 13 14 15 16 17 18 19 20 21 22 23 24 25 26 27 28 * 30 1 
15 16 17 18 * 20 21 22 * 24 * 26 27 28 29 30 1 2 3 4 5 6 7 8 * 10 11 12 13 14 
22 23 24 25 * 27 28 29 30 1 2 3 4 5 6 7 * 9 10 11 12 13 14 15 16 17 18 19 20 21 
3 4 5 6 7 8 9 10 11 12 13 14 15 16 17 18 19 20 21 22 23 * 25 26 27 28 29 30 1 2 
21 22 23 24 25 26 27 28 29 30 1 2 3 4 5 * * 8 9 10 * 12 13 14 15 16 17 18 19 20 
6 7 8 9 10 11 12 13 14 15 16 17 18 19 20 21 22 * 24 25 * 27 * 29 30 1 2 * * 5 
18 19 20 21 22 * 24 25 26 * 28 29 30 * 2 3 4 5 6 7 8 9 10 11 12 * 14 15 16 17 
26 27 28 29 * 1 2 3 4 * 6 7 8 9 10 11 12 13 14 15 * 17 18 19 * 21 22 23 24 * 
29 30 1 2 3 * 5 6 7 8 9 * 11 12 13 14 15 16 17 18 19 20 21 22 23 24 25 26 27 28 
19 20 21 22 23 24 25 26 27 28 * 30 1 2 3 4 5 6 7 8 9 10 11 12 13 14 15 16 17 18 
4 5 6 7 8 9 10 11 12 13 14 15 16 17 18 19 20 * 22 23 24 25 26 27 28 29 30 1 2 * 
10 11 12 13 14 15 16 17 18 19 * 21 22 23 24 25 26 * 28 29 30 1 2 3 4 5 6 7 8 9 
11 12 13 14 15 * 17 * 19 20 21 22 23 24 25 26 27 28 29 30 * 2 3 4 5 6 7 8 9 10 
12 13 14 15 16 17 18 * 20 21 22 23 24 25 26 27 28 29 30 1 2 3 4 5 6 7 8 9 10 11 
24 25 26 27 28 29 30 1 2 * 4 5 6 7 8 * * 11 12 13 14 15 16 17 18 19 20 21 22 23 
