8 9 10 11 12 13 14 15 16 17 18 19 20 21 22 * * 25 26 27 28 29 30 31 32 33 34 35 36 37 38 39 40 * 42 43 44 45 46 47 48 49 50 51 52 53 54 * 56 57 58 59 60 1 2 3 4 5 6 7 
57 58 59 60 1 2 3 4 5 6 7 8 9 10 11 12 13 14 15 16 17 18 19 20 21 22 23 24 25 26 27 28 29 30 31 * 33 34 35 36 37 38 * 40 41 42 43 44 45 46 47 48 49 50 51 52 53 54 55 56 
48 49 50 51 52 53 54 55 56 * 58 59 60 1 * 3 * 5 6 7 * 9 10 11 12 13 14 15 16 17 18 19 20 21 22 23 * 25 * 27 28 29 30 31 32 33 34 35 36 37 38 39 40 41 42 43 44 45 46 47 
45 46 47 48 49 50 51 52 53 54 * * 57 58 59 60 1 2 3 4 5 6 7 8 9 * 11 12 13 14 * 16 17 18 19 * 21 22 23 24 25 26 * 28 29 30 31 * 33 34 35 36 37 38 39 40 41 42 43 44 
7 8 9 10 11 12 13 14 15 16 17 18 19 20 21 22 23 24 25 26 27 28 29 30 31 32 33 * 35 36 * * 39 40 * 42 43 44 45 46 47 48 49 50 51 52 53 54 55 56 57 58 59 60 1 2 3 4 5 6 
9 10 * 12 13 14 * 16 17 18 19 20 21 22 23 24 * 26 27 28 29 30 31 32 33 34 35 36 37 38 39 40 41 42 43 * 45 46 47 48 49 50 51 52 53 54 55 56 57 58 59 60 1 2 3 4 5 6 7 8 
23 24 25 * 27 28 29 30 * * 33 34 * 36 37 38 39 40 * 42 * * 45 46 47 48 49 50 51 52 53 54 55 56 57 58 * 60 * 2 3 4 5 6 7 8 9 * 11 12 13 14 15 16 17 18 19 20 21 22 
51 52 53 54 55 56 * 58 59 60 1 2 3 * 5 6 7 8 9 10 11 12 13 14 * * * 18 * 20 21 22 23 24 * 26 27 28 29 30 31 32 33 34 35 36 37 38 39 40 41 * 43 44 45 46 47 48 * 50 
56 57 58 59 60 1 2 3 * 5 * 7 8 9 10 11 12 13 14 15 16 17 18 19 20 21 22 * 24 25 26 27 28 29 30 31 32 33 34 35 36 37 38 39 40 41 42 43 * 45 46 47 48 49 50 51 52 53 54 55 
43 44 45 46 47 48 49 50 51 52 53 54 55 56 57 58 59 60 1 2 3 4 5 6 7 8 9 10 * 12 13 14 * 16 17 18 * 20 21 22 23 24 25 26 27 28 * 30 31 32 33 34 35 36 37 38 39 40 41 * 
25 26 27 28 29 30 31 32 33 34 35 36 37 38 * 40 41 42 43 44 45 46 47 48 49 50 51 52 * 54 55 56 57 58 59 60 1 2 * 4 * 6 7 8 9 10 11 12 13 14 15 16 17 18 * 20 21 22 23 24 
28 29 30 31 32 33 34 35 36 37 38 39 40 41 42 43 44 * 46 47 48 * 50 51 52 53 54 55 56 57 58 59 * * 2 3 4 5 6 7 8 9 10 11 12 13 14 15 16 17 18 19 20 21 22 * 24 25 * 27 
* 37 38 39 40 41 * 43 44 45 46 47 48 49 50 51 52 53 54 55 56 57 58 59 60 1 2 3 4 5 6 7 8 9 10 11 12 13 14 * 16 17 18 19 20 21 22 23 24 25 26 27 28 29 30 31 32 33 * 35 
53 54 55 56 57 58 59 * 1 2 3 4 5 6 * * 9 10 11 12 13 14 15 16 17 18 19 20 21 * 23 24 25 26 27 28 29 30 31 32 33 34 35 * 37 38 39 40 41 * 43 44 45 46 47 48 49 50 51 * 
30 31 32 33 34 35 36 37 38 39 * 41 42 43 44 45 46 47 48 49 50 51 * 53 * 55 56 57 58 59 60 1 2 3 4 5 6 7 8 9 10 11 12 13 14 15 16 17 18 19 20 21 22 23 24 25 26 27 * 29 
2 3 4 5 6 7 8 9 10 11 * 13 14 15 * * 18 19 20 21 22 * 24 25 26 27 28 29 * 31 * 33 34 35 36 * 38 39 * 41 42 43 44 45 46 47 48 49 * 51 52 53 54 55 * 57 58 * 60 1 
15 16 * 18 19 20 21 22 23 24 25 26 27 * 29 30 31 32 33 34 35 36 37 38 39 40 41 42 43 44 45 46 47 48 * 50 51 52 * 54 55 56 57 58 59 60 1 2 3 4 5 6 7 8 * 10 11 12 * 14 
59 60 1 2 3 4 5 6 7 8 9 10 * 12 13 14 * 16 17 18 19 * 21 22 * 24 25 26 27 28 29 30 31 32 * 34 35 36 37 38 39 40 41 42 43 44 45 46 47 48 49 50 51 52 53 54 55 56 57 58 
* 4 5 6 7 8 9 10 * * 13 14 15 16 17 18 19 20 21 22 * 24 25 26 27 28 * 30 31 32 33 34 35 36 37 38 39 40 41 42 43 44 45 46 47 48 49 50 51 52 * * 55 56 57 58 59 60 1 2 
52 53 54 55 56 57 58 59 60 1 2 3 4 5 6 * 8 9 10 11 12 * 14 15 16 17 18 19 20 21 22 23 24 25 26 27 28 29 30 31 32 33 34 35 36 37 * 39 40 41 * 43 44 45 46 47 48 49 50 51 
6 7 8 9 10 11 12 13 14 15 16 17 18 19 20 21 22 23 24 25 * * 28 29 30 31 32 33 34 35 36 37 38 39 40 41 * * 44 45 46 * 48 49 50 51 52 * 54 * 56 57 58 59 60 1 * 3 4 5 
18 19 20 21 22 * 24 25 26 27 28 29 30 31 32 33 34 35 36 37 38 39 40 41 42 * 44 45 46 47 48 49 50 51 52 53 54 55 56 57 58 * 60 * 2 3 4 5 6 7 8 9 * 11 12 13 14 15 16 17 
33 34 35 36 37 38 39 40 41 42 43 44 45 46 47 48 49 50 51 52 * 54 55 56 * 58 59 60 1 2 3 4 5 6 * 8 9 10 11 * 13 14 * 16 17 18 19 20 21 22 23 24 25 26 27 28 29 30 31 32 
31 32 33 34 * * 37 38 39 40 41 42 43 44 45 46 47 48 49 50 51 52 53 54 55 56 57 58 59 60 1 2 3 4 5 6 7 8 9 10 11 * 13 14 15 16 17 18 19 20 21 22 23 24 25 26 27 28 29 30 
47 48 49 50 51 52 53 54 55 56 57 58 59 60 1 2 3 4 5 6 7 8 9 10 11 12 13 14 15 16 17 18 19 20 21 22 23 24 25 26 * 28 29 30 31 32 33 34 35 36 37 38 39 40 41 42 43 44 45 46 
4 * 6 7 * 9 10 11 12 13 14 15 16 17 18 19 20 * 22 * 24 25 26 27 28 * 30 31 32 * 34 35 36 37 38 39 40 41 42 43 44 45 46 47 48 49 50 51 52 53 54 55 * 57 58 59 60 1 2 3 
10 11 12 13 14 15 16 17 18 19 20 21 22 * 24 25 26 * 28 29 30 * 32 33 34 35 36 37 38 39 40 41 42 43 44 45 46 47 48 49 * 51 52 53 54 * 56 * 58 59 60 1 2 3 4 5 6 7 8 9 
38 39 40 41 42 * 44 45 46 47 48 49 * 51 52 53 54 55 56 57 58 59 60 1 2 3 4 5 6 * 8 9 10 11 12 13 14 15 16 17 18 19 20 21 22 * 24 25 26 27 28 29 30 * 32 33 34 35 36 37 
58 59 60 1 2 3 4 5 6 7 8 9 10 11 12 13 14 15 16 17 18 19 20 21 22 23 24 25 26 27 28 29 30 31 32 33 34 35 36 37 38 39 40 41 * 43 44 45 46 47 48 49 50 51 52 53 * 55 56 57 
24 25 * 27 28 29 30 31 32 33 34 35 * 37 38 39 40 41 * * 44 45 46 47 48 49 50 51 52 * 54 55 56 57 58 * 60 1 2 * 4 5 6 7 8 9 10 11 12 13 14 15 16 * 18 19 * 21 22 23 
29 30 31 32 33 34 35 36 37 38 39 * 41 42 43 44 45 46 47 * 49 50 51 52 53 54 55 56 * 58 59 60 1 2 3 4 5 * 7 8 9 10 11 * 13 14 15 16 17 18 19 20 21 22 23 24 25 26 27 28 
14 15 16 17 18 19 20 21 * * 24 25 26 27 28 29 30 31 32 33 34 35 36 37 38 39 * 41 42 43 44 45 46 * 48 49 50 51 52 53 54 55 56 57 58 59 60 * 2 3 4 5 6 7 8 9 10 11 12 13 
26 27 * 29 30 31 32 33 34 35 * 37 38 39 40 41 42 43 44 * 46 * 48 49 50 51 52 53 54 55 56 57 58 59 * 1 2 3 4 5 6 7 8 9 10 11 12 * 14 * 16 17 * 19 20 * 22 23 24 25 
27 28 29 30 31 32 33 34 35 36 37 38 39 40 * 42 43 44 45 46 * * 49 50 * * * 54 55 56 57 58 59 60 1 2 3 4 5 * * 8 9 10 11 * 13 14 15 * 17 18 19 20 21 22 23 24 * 26 
13 14 15 16 17 18 19 20 21 22 23 * 25 26 27 28 29 30 31 32 33 34 35 36 37 38 39 40 41 42 43 44 45 46 47 48 49 50 51 52 53 54 55 56 57 58 59 60 1 2 3 4 * 6 7 8 9 10 11 12 
5 6 7 8 9 10 11 12 13 * 15 16 17 18 19 20 21 22 23 24 * 26 27 28 29 30 31 32 33 34 35 36 37 38 39 40 41 42 43 44 45 46 * 48 49 * 51 52 53 54 55 56 57 58 * 60 1 2 3 4 
* 50 51 52 53 54 55 56 57 58 59 60 * 2 3 4 5 6 7 8 9 10 11 12 13 14 15 16 17 18 19 20 21 22 23 * 25 26 27 28 29 30 31 32 33 34 35 36 37 38 39 40 41 42 * 44 45 46 * 48 
* 55 56 57 58 * 60 1 * 3 4 5 6 7 8 9 10 11 12 * 14 15 * 17 18 19 20 21 22 23 24 25 26 27 28 29 30 * 32 33 34 35 36 37 38 * 40 41 42 43 44 45 46 47 48 49 50 51 52 53 
35 36 37 * 39 40 41 * 43 44 45 46 47 48 49 50 51 52 53 54 55 56 57 58 59 60 1 2 3 4 5 * 7 8 9 10 11 12 13 14 15 16 17 18 19 * 21 22 23 24 25 26 27 28 29 30 31 32 * 34 
* 17 18 19 20 21 22 23 24 25 26 27 28 29 30 31 32 33 34 35 36 37 38 39 40 41 42 43 44 45 46 * 48 49 50 51 52 53 54 55 56 57 58 * 60 1 2 3 4 5 * 7 8 9 10 11 12 13 14 15 
20 21 22 23 24 * 26 27 * 29 30 31 * * 34 35 36 37 38 39 40 41 42 43 * 45 46 47 48 49 50 51 52 * 54 55 56 57 58 59 * 1 2 3 4 5 * 7 8 9 10 11 12 * 14 15 16 17 18 19 
19 20 21 22 23 24 25 26 27 28 29 30 31 32 33 34 35 36 37 38 * 40 41 42 43 44 45 46 47 48 49 50 51 52 53 54 55 56 57 58 59 60 1 2 3 4 * 6 7 8 9 10 11 12 13 14 15 16 17 18 
* 40 41 * 43 44 45 * 47 48 49 * 51 52 53 54 55 56 57 58 59 60 1 2 3 4 5 6 7 8 9 * 11 12 13 14 15 16 17 18 19 20 21 22 23 24 25 * 27 28 29 30 31 32 33 * * 36 37 38 
21 22 23 24 25 26 27 28 29 30 * 32 33 34 35 36 37 38 39 40 * 42 43 44 45 46 47 48 49 50 51 52 53 54 55 56 * 58 59 60 1 2 3 4 * 6 7 8 9 10 * 12 13 14 * 16 17 18 19 20 
41 42 43 44 45 46 47 48 49 50 51 52 53 54 * 56 57 58 59 60 1 2 3 4 5 6 7 8 9 10 11 12 13 14 15 16 17 18 19 * 21 22 23 * 25 26 27 28 29 30 31 32 33 34 35 * 37 38 39 40 
37 38 39 40 41 42 43 * 45 46 47 48 49 50 51 52 53 54 55 56 57 58 59 60 1 * 3 4 * 6 7 8 9 10 11 12 13 14 15 16 17 18 19 20 21 22 23 24 25 26 27 28 29 30 31 32 33 34 35 * 
* 43 44 45 46 47 48 49 * 51 52 53 54 55 56 57 58 59 60 1 2 3 4 * 6 7 8 9 10 11 12 13 14 15 16 * 18 19 20 * * 23 24 25 26 27 28 29 30 31 32 33 34 35 36 37 * 39 40 41 
46 47 48 49 50 51 52 53 54 55 56 * 58 59 60 1 2 3 * 5 6 7 8 * 10 11 12 13 14 15 16 17 18 19 20 21 22 23 * 25 26 * 28 29 30 31 32 33 34 * 36 37 38 39 40 41 42 43 44 45 
60 1 2 3 4 5 6 7 * 9 10 11 12 13 * 15 16 17 18 19 20 21 22 23 * * 26 27 28 29 30 31 32 33 34 35 36 37 38 * 40 41 42 43 44 45 46 47 48 49 50 51 52 53 54 55 56 57 58 59 
50 * * 53 54 55 56 57 58 59 60 1 2 3 4 5 * 7 8 9 10 11 12 13 14 15 16 17 * 19 20 21 22 23 24 25 26 27 28 29 30 31 * 33 34 35 36 37 38 39 40 41 42 43 44 45 * 47 48 49 
40 41 42 43 44 45 46 47 48 49 50 51 52 53 54 55 56 57 58 59 * 1 * 3 4 5 6 7 8 9 10 11 12 13 14 15 16 * * 19 * 21 22 * 24 25 26 27 28 29 * 31 32 33 34 35 36 * * 39 
44 45 46 47 48 49 50 51 * 53 54 55 56 57 58 59 60 1 2 * 4 * 6 7 * 9 10 11 12 13 14 15 16 17 18 * 20 21 22 * 24 25 26 27 28 29 * 31 32 33 34 35 36 37 38 39 40 41 42 43 
32 33 34 35 36 37 38 39 40 41 42 43 44 * 46 47 48 49 50 51 52 * 54 55 56 57 58 59 60 1 2 3 4 5 6 7 8 9 10 11 12 * 14 15 16 17 18 19 20 21 22 23 24 25 * * 28 29 30 * 
11 12 13 14 15 16 17 18 19 20 21 22 23 24 25 * 27 28 29 30 31 32 33 34 35 36 37 38 39 40 41 42 43 44 45 46 47 48 49 50 51 52 53 54 55 56 57 58 59 60 1 2 3 4 * 6 7 8 9 10 
34 35 36 37 38 39 40 41 42 43 44 45 46 47 48 49 50 * 52 53 54 55 56 57 58 59 60 * 2 3 4 5 6 7 8 9 10 11 12 13 * 15 16 17 18 19 20 21 22 23 24 25 26 27 28 29 30 31 32 33 
55 56 57 58 59 60 1 2 3 4 5 6 7 8 * 10 11 12 13 14 15 * 17 18 19 20 21 22 23 24 25 26 27 28 29 30 31 32 33 * 35 36 37 38 39 40 41 42 43 * 45 46 47 48 49 50 51 52 53 54 
17 18 19 20 21 22 23 24 * 26 27 28 29 30 31 32 33 34 35 36 37 * 39 40 * * 43 44 45 46 47 48 49 50 51 52 53 54 55 56 * 58 59 60 1 2 * 4 5 6 7 8 9 10 11 12 * * 15 16 
12 13 14 * 16 17 18 * 20 * 22 23 24 25 * 27 28 29 30 31 * 33 34 35 * 37 38 39 40 41 42 * * 45 46 47 48 49 50 51 52 53 54 55 56 57 58 59 60 1 2 * * 5 6 7 8 9 10 11 
* 23 24 25 26 27 28 29 30 31 32 33 34 35 36 37 38 39 40 41 42 43 44 45 46 * 48 * 50 51 52 53 54 55 * 57 58 * 60 1 2 3 4 5 6 7 8 9 10 11 12 13 14 15 16 17 18 19 20 21 
1 2 3 4 5 6 7 8 9 10 11 12 13 14 15 16 17 18 19 20 21 22 23 24 25 26 27 * 29 30 31 32 33 34 35 36 * 38 39 * 41 42 43 44 45 * * 48 49 50 51 52 53 54 55 56 * 58 59 60 
