61 62 63 64 65 66 67 68 69 70 71 * 73 74 75 76 77 78 79 * 1 2 3 4 * 6 * 8 9 10 11 12 * * 15 16 * 18 19 20 21 22 23 24 25 26 27 * * 30 31 32 33 * 35 36 37 38 39 40 41 42 43 44 45 46 47 * 49 50 * 52 53 54 55 56 57 58 59 60 
57 58 59 60 61 62 63 64 65 66 67 68 69 * 71 * 73 74 75 76 77 78 79 80 1 2 3 4 5 6 * 8 9 10 11 * 13 14 15 16 * 18 19 20 * 22 23 24 25 26 * 28 29 30 31 32 33 34 35 36 37 38 39 40 41 42 43 44 45 46 47 48 49 50 51 52 53 54 55 56 
48 49 50 51 52 53 54 55 56 57 58 59 60 61 62 63 64 65 66 67 68 69 70 * 72 73 74 75 76 * 78 79 80 1 2 3 4 5 6 7 8 9 10 11 12 13 14 15 16 17 18 19 20 21 22 23 * 25 26 27 28 29 30 31 32 33 34 35 36 37 38 39 40 41 42 43 44 45 46 47 
45 46 47 48 49 50 51 * 53 54 * 56 57 * 59 60 61 62 63 64 65 * 67 68 69 70 * 72 73 74 75 * 77 78 79 80 1 2 3 4 * 6 7 8 9 * 11 * 13 14 15 16 17 18 19 20 * 22 23 24 * * 27 28 29 30 31 32 33 34 35 36 37 38 39 40 41 42 43 44 
7 8 9 10 11 12 13 14 15 16 17 18 19 20 21 22 23 24 25 26 27 28 29 30 31 32 * 34 35 36 37 38 39 40 41 42 43 44 45 46 47 48 49 50 51 52 53 54 55 56 57 * 59 60 61 62 63 64 65 66 67 68 69 70 71 72 * 74 75 76 77 78 79 80 1 2 3 4 5 6 
9 10 11 * 13 14 * 16 17 18 19 20 21 22 23 24 * 26 27 28 29 * 31 32 33 34 35 36 37 * 39 40 41 42 43 44 45 46 47 48 49 * 51 52 * 54 55 56 57 58 59 60 61 62 63 64 65 66 67 * 69 70 71 * 73 74 75 76 77 78 79 80 1 2 3 4 5 6 7 8 
23 24 25 * 27 28 29 30 * 32 33 34 35 36 37 38 * 40 41 42 43 44 45 46 47 48 49 50 51 * 53 54 55 56 57 58 * 60 61 62 * 64 65 * 67 68 69 * 71 72 73 74 75 76 77 78 79 80 1 2 * 4 5 6 7 8 9 10 * 12 13 14 15 16 17 18 19 20 21 22 
67 * 69 70 71 * * 74 75 76 77 78 79 * * 2 3 4 * 6 7 8 9 10 11 12 13 14 15 16 17 * 19 20 21 22 * 24 25 26 27 28 29 * 31 * 33 34 35 36 37 38 39 40 41 42 43 44 45 46 47 48 49 50 51 52 * 54 55 * 57 58 * * 61 62 63 64 65 66 
* 57 58 59 60 61 62 63 * 65 66 67 68 69 70 71 72 73 74 75 76 77 78 79 * 1 2 3 4 5 6 7 8 9 10 11 12 13 14 15 16 17 18 19 * 21 22 23 24 25 26 27 28 29 30 * 32 33 34 35 36 37 38 39 40 * 42 43 44 45 46 47 48 49 50 51 52 53 54 55 
43 44 45 46 47 48 49 50 51 52 53 54 55 56 57 58 * 60 61 62 63 64 65 66 67 68 69 70 71 72 73 * 75 76 77 78 79 80 1 2 3 4 * 6 7 8 9 10 11 * 13 14 15 16 17 18 19 20 21 22 23 24 25 26 27 28 29 30 * 32 33 34 35 36 37 38 39 40 41 42 
25 26 27 28 29 30 31 32 33 34 35 36 37 38 39 40 41 * * 44 45 46 47 48 49 50 51 52 53 54 55 56 57 58 * 60 61 62 * 64 * 66 67 68 69 70 71 72 73 74 75 76 77 78 79 80 1 2 3 4 5 6 7 8 9 10 11 12 13 14 15 16 17 18 19 20 21 22 * 24 
70 71 72 73 74 75 76 77 * 79 80 1 2 3 4 5 6 7 8 9 10 * 12 13 14 15 16 * 18 19 * 21 22 23 24 25 26 27 * 29 30 31 32 33 34 35 36 37 * 39 40 41 42 43 44 45 46 47 48 49 50 51 52 53 54 55 * 57 58 59 60 61 62 63 64 65 66 67 * * 
36 37 38 * 40 41 42 43 44 45 46 47 48 49 * 51 52 53 54 55 56 * * 59 60 61 62 63 64 * 66 67 68 69 70 71 72 73 74 * 76 77 * 79 80 1 2 * 4 5 6 7 8 9 10 11 12 13 * * 16 17 18 19 20 21 22 23 24 25 26 27 28 29 30 31 32 * 34 35 
53 54 55 56 57 58 59 60 61 62 63 64 65 66 67 68 69 70 71 72 * 74 75 76 77 78 79 * 1 * 3 4 5 6 * * 9 10 11 12 13 14 15 16 17 18 19 20 21 22 23 24 25 26 27 28 29 30 31 32 33 34 35 36 37 38 39 40 41 42 43 44 45 46 47 48 49 50 * 52 
30 * * 33 * 35 36 37 38 39 40 * 42 43 44 45 46 47 48 49 * 51 52 53 54 55 56 * * 59 60 61 62 63 64 65 66 67 68 69 * 71 * 73 74 75 76 77 * 79 80 1 2 3 4 5 6 7 8 9 10 11 12 13 14 15 16 17 18 19 20 21 * 23 24 25 26 27 * 29 
2 3 * 5 6 7 8 9 10 11 12 13 14 15 * 17 18 19 * 21 * 23 24 25 * * * 29 30 31 32 33 34 35 36 37 38 39 40 * 42 43 44 45 46 47 48 49 50 51 52 53 54 55 56 57 58 59 60 61 62 63 64 65 66 67 68 69 70 * * 73 74 75 76 77 78 79 80 1 
15 16 17 18 19 20 21 22 23 24 25 * 27 * * 30 31 * 33 34 35 36 37 38 * 40 41 42 43 44 45 46 47 48 49 50 51 52 * 54 55 56 57 58 59 60 61 62 63 64 65 66 * 68 69 70 71 72 * 74 * 76 77 * 79 80 1 2 * 4 5 6 7 8 9 10 11 12 13 14 
59 60 61 62 63 64 65 66 67 68 69 70 71 * * 74 75 76 77 78 79 80 1 2 3 * 5 6 7 8 9 10 11 12 13 14 15 16 17 18 19 20 * 22 23 24 * 26 27 * 29 30 * 32 33 34 35 36 37 38 * 40 41 42 43 44 45 46 47 48 49 * 51 52 53 54 * 56 57 58 
3 4 5 6 7 8 * 10 11 12 13 14 15 16 * 18 19 20 * 22 * 24 25 26 27 28 29 30 31 32 33 34 35 36 37 38 39 40 41 42 43 44 45 46 47 48 49 * 51 52 53 54 55 56 57 58 59 60 61 62 63 64 65 66 67 * 69 70 71 * 73 * 75 76 77 78 79 80 1 2 
52 53 54 55 56 57 58 59 60 61 * 63 64 65 66 * 68 69 70 * * 73 74 75 76 77 78 79 80 1 2 3 4 5 6 7 8 9 10 11 * 13 14 * 16 17 18 19 * 21 22 23 24 25 26 27 28 29 30 31 32 33 34 * 36 37 38 * 40 41 42 43 44 45 46 47 48 49 50 51 
68 69 70 71 72 73 74 75 76 77 78 79 80 * 2 3 4 5 6 7 8 9 10 11 12 13 14 15 16 17 18 19 * * 22 * * 25 * 27 * * * 31 32 33 34 35 36 37 38 39 40 41 42 43 44 45 46 47 48 49 50 51 52 53 54 * 56 57 58 59 60 61 62 * 64 65 66 67 
76 77 78 * * 1 * 3 4 5 6 7 8 9 10 11 12 13 14 15 16 * 18 19 20 21 22 * 24 25 26 27 28 29 30 31 32 33 34 35 36 37 * 39 40 41 42 43 44 45 46 * 48 49 50 * 52 53 54 55 56 57 58 59 60 * 62 63 64 65 66 67 * 69 70 * 72 73 74 75 
33 34 * 36 37 38 39 * 41 42 43 44 45 46 47 48 49 * 51 52 * 54 55 56 57 58 59 60 61 62 63 64 65 66 67 68 69 70 71 72 * 74 75 76 77 78 79 80 1 2 3 * 5 6 7 * 9 10 11 12 13 * 15 16 17 18 19 20 21 22 23 24 * 26 27 28 29 * 31 * 
31 * 33 34 35 36 37 38 39 40 41 42 43 44 45 46 47 48 49 50 51 52 53 54 55 56 57 58 59 60 61 62 63 64 65 66 67 * 69 70 71 72 73 74 75 76 77 78 79 80 1 2 3 4 5 6 7 8 * 10 11 12 13 14 15 16 17 * 19 20 * 22 23 24 25 26 27 28 29 30 
47 48 49 50 51 52 53 54 55 56 57 58 * 60 61 * 63 64 65 66 67 68 69 70 71 72 73 74 75 76 77 78 79 80 1 2 3 4 5 * 7 * 9 10 11 12 13 * 15 16 17 * 19 20 21 22 23 24 25 * 27 28 29 30 31 32 33 34 35 36 37 38 39 40 41 42 43 * 45 46 
4 5 6 7 8 9 10 11 12 13 14 15 16 17 18 19 20 21 22 23 24 25 26 27 28 29 30 31 32 33 34 35 36 * 38 39 40 41 42 43 44 45 46 47 48 49 50 51 52 53 54 55 * 57 58 59 60 61 62 63 64 65 * 67 68 69 70 * 72 73 74 75 76 * 78 79 80 * 2 3 
66 67 68 69 70 71 72 * 74 * 76 77 78 79 80 1 2 3 4 5 6 7 8 9 10 11 12 13 14 15 16 17 18 19 20 21 22 * * 25 26 27 * 29 30 31 * 33 * 35 36 37 38 39 40 41 42 43 44 * * * 48 49 50 51 52 53 54 55 56 57 58 * 60 61 62 63 64 65 
78 79 80 1 2 * 4 5 6 7 8 9 10 11 12 13 14 15 * 17 18 19 20 21 * 23 24 25 * 27 28 29 30 31 32 33 34 35 36 37 38 39 40 41 42 * 44 45 46 47 48 49 50 51 52 53 54 55 56 57 58 59 60 61 62 63 64 * 66 67 68 69 70 71 72 73 74 75 76 77 
58 59 60 61 62 63 64 65 66 67 68 69 70 71 72 * 74 75 76 77 78 79 80 1 2 3 4 * 6 7 8 9 10 11 12 13 14 15 16 17 18 19 20 21 22 23 24 25 26 27 28 29 30 31 32 33 34 35 36 37 38 39 40 41 42 43 44 45 46 * 48 49 50 51 52 53 54 55 56 57 
24 25 26 27 28 29 30 31 32 33 34 35 * 37 38 39 * 41 42 43 44 * * 47 48 49 50 51 52 53 54 55 56 57 58 59 * 61 62 * 64 65 66 67 68 69 70 71 72 73 74 75 76 77 78 * 80 1 * * 4 5 6 7 8 9 10 11 12 13 * 15 16 17 18 * 20 21 22 23 
29 * 31 32 33 34 35 36 37 38 39 40 41 42 * 44 45 46 47 48 49 50 51 52 53 54 55 56 57 58 59 60 61 62 63 64 65 66 67 68 69 70 71 72 73 74 75 76 77 78 79 80 1 2 3 4 5 6 7 8 9 * 11 12 13 14 15 16 17 18 19 20 21 22 23 24 25 * 27 28 
69 70 71 72 * 74 75 76 77 78 79 80 * 2 3 4 5 6 * 8 9 10 11 12 13 14 15 16 17 18 19 20 21 22 23 24 25 26 27 28 * 30 31 32 * 34 35 36 37 38 39 40 41 42 43 * 45 46 47 48 49 50 * 52 53 54 55 56 57 58 59 60 61 * 63 64 65 66 67 * 
* 27 28 29 30 * 32 33 34 35 36 37 38 39 40 41 42 43 44 45 46 47 48 49 50 51 * 53 54 55 56 57 58 * 60 61 62 63 64 65 66 67 68 69 70 71 72 73 74 * 76 * 78 79 80 1 2 3 4 * 6 7 8 9 10 11 12 13 14 15 16 17 18 19 20 21 22 23 24 25 
* 28 29 30 31 32 33 34 35 36 37 38 39 40 41 42 43 44 45 46 47 48 49 50 51 52 53 54 55 56 57 58 59 60 61 62 63 64 65 66 67 68 69 70 71 72 73 74 75 76 77 78 79 80 * 2 3 4 5 6 7 8 9 10 11 12 13 14 15 16 17 18 19 20 * 22 23 24 25 26 
73 74 75 76 77 78 79 80 1 2 3 4 5 6 7 8 9 10 11 12 * 14 15 16 17 18 19 20 21 22 23 24 25 26 27 28 29 * 31 32 33 34 35 36 37 38 39 40 41 42 43 44 45 * 47 48 * 50 51 * 53 54 55 56 57 58 59 60 61 62 63 64 65 66 67 68 69 70 71 72 
5 * 7 8 9 10 11 12 13 14 15 16 17 18 19 20 21 22 23 24 25 26 27 28 29 30 31 32 33 * 35 36 37 38 39 40 41 42 43 44 * * * 48 49 50 51 52 53 54 55 56 57 58 59 60 61 62 63 64 65 66 67 68 69 70 71 72 73 74 75 76 * 78 79 80 1 2 3 4 
64 65 66 67 68 69 70 71 72 73 74 75 76 77 78 79 80 1 2 3 4 5 6 7 8 9 10 11 12 13 14 15 16 17 18 19 20 21 22 23 24 25 26 27 * 29 * 31 32 33 34 35 36 37 38 * 40 41 * 43 44 45 46 47 48 49 50 51 52 53 54 55 56 57 58 59 60 61 * 63 
* 78 79 80 1 2 3 4 5 6 7 8 * * 11 12 13 14 15 16 17 18 19 20 * 22 23 24 * 26 27 28 * 30 31 32 33 34 35 36 37 38 39 40 * * 43 44 45 46 47 48 49 * 51 52 53 54 55 56 57 58 59 60 61 62 63 64 65 66 67 68 69 70 71 72 73 74 75 76 
* 36 37 38 39 40 41 42 * 44 45 46 47 * 49 50 51 * 53 54 55 56 57 58 59 60 61 62 63 64 65 66 67 68 69 70 71 72 73 74 75 76 77 78 79 * 1 2 3 4 5 6 7 8 9 10 11 * 13 14 15 16 17 18 19 20 21 22 23 24 25 26 27 28 29 30 31 32 33 34 
63 64 65 66 67 68 69 70 71 * 73 74 75 76 77 78 79 80 1 2 3 * 5 6 7 8 9 10 11 12 * 14 15 16 17 18 19 20 21 22 23 24 25 26 * 28 29 30 * 32 33 34 35 36 37 * 39 40 41 42 43 44 45 * 47 48 * 50 51 52 53 54 55 56 57 * 59 60 61 62 
* * * 23 * 25 26 27 28 * 30 31 * 33 34 35 36 37 38 39 * 41 42 43 44 45 46 47 48 49 50 51 52 53 54 55 56 57 58 59 60 61 62 63 64 65 66 67 68 69 70 71 72 73 74 75 * 77 78 79 80 * 2 3 4 5 6 7 8 9 10 11 12 13 14 15 16 17 18 19 
* 20 21 22 23 24 25 26 27 28 29 30 31 32 33 34 35 36 37 38 39 40 41 42 43 44 45 46 47 48 49 50 * 52 53 54 55 56 57 58 59 60 61 62 63 64 65 66 67 * 69 70 71 72 73 74 75 76 77 78 79 * 1 2 3 4 5 6 7 8 9 10 * 12 13 14 15 16 17 18 
* 40 41 42 43 44 45 46 47 48 49 50 51 52 53 54 55 56 * 58 * 60 61 62 63 64 65 66 67 68 69 70 71 72 73 74 75 76 77 * * 80 1 2 * 4 5 * 7 8 9 * 11 12 * 14 15 16 17 18 19 20 * 22 23 24 25 26 27 28 29 30 * 32 33 34 * 36 37 38 
21 22 23 24 25 * 27 28 29 30 31 32 33 34 * 36 37 38 39 * 41 42 43 44 45 * 47 48 49 50 51 52 53 54 55 56 57 58 59 60 61 62 63 64 65 66 67 68 69 70 71 72 73 74 75 76 77 78 * 80 1 2 3 4 5 6 7 8 9 10 11 12 13 14 15 16 17 18 19 20 
41 42 43 44 45 46 47 48 49 50 51 52 53 54 55 56 57 58 59 60 * 62 63 * 65 66 67 68 69 70 71 72 73 74 * 76 77 78 79 80 1 * 3 4 5 6 7 8 9 10 11 * 13 14 15 16 17 18 19 20 21 22 * 24 25 26 27 28 29 30 * 32 33 34 35 36 37 38 39 40 
37 38 39 40 41 42 43 44 45 46 47 48 49 50 51 52 53 54 55 * 57 58 59 60 61 62 * 64 65 66 67 68 69 70 71 72 73 74 75 76 77 78 79 80 1 * 3 4 5 6 7 8 9 10 11 12 13 14 15 * 17 18 19 20 21 22 23 * 25 26 27 28 29 30 31 32 33 34 35 36 
74 75 76 77 78 79 80 1 2 3 4 5 6 7 8 9 10 11 12 13 * * * 17 18 19 20 21 22 23 24 25 26 27 28 29 30 31 32 33 34 35 36 37 38 * 40 41 42 43 44 45 46 47 48 49 50 51 52 53 54 55 56 57 58 59 60 61 62 63 64 65 66 67 68 * 70 71 72 73 
46 47 48 * 50 51 52 53 54 55 56 57 * 59 60 61 62 63 64 65 66 67 68 69 70 71 72 73 74 75 76 77 78 79 80 1 2 3 4 5 6 7 8 9 10 11 12 13 14 15 16 17 18 19 20 * 22 23 24 25 26 27 28 29 30 31 32 33 34 35 36 * 38 39 40 41 42 43 44 45 
60 61 62 63 64 65 66 * 68 69 70 71 72 73 74 75 76 77 78 79 80 1 2 3 4 5 6 7 8 9 10 11 12 13 14 15 16 17 18 19 20 21 22 23 24 25 * 27 28 29 30 * 32 33 34 35 36 37 38 39 40 * 42 43 44 45 46 47 * 49 50 51 52 53 54 55 56 57 58 * 
50 51 52 53 54 55 56 57 58 59 60 61 62 63 64 65 * 67 68 * 70 71 72 73 74 75 * 77 * 79 * 1 * * 4 5 6 7 8 * 10 11 12 13 14 15 16 17 18 19 20 21 22 23 24 25 * 27 28 29 30 31 * 33 34 35 36 37 38 39 40 41 42 43 44 45 46 47 48 49 
40 41 42 * 44 45 46 47 48 49 50 * 52 53 54 * 56 57 58 59 60 61 62 63 64 65 66 67 * 69 70 71 72 73 74 75 76 * 78 79 80 1 2 3 4 5 6 7 8 9 10 11 12 13 14 15 16 17 18 19 * 21 * 23 24 25 26 27 * 29 30 * 32 33 34 35 36 37 38 * 
44 45 46 * 48 49 * 51 * * 54 55 56 * 58 59 60 61 62 63 64 65 66 67 68 69 70 71 72 73 74 75 76 * 78 79 80 * 2 3 4 5 6 7 8 9 10 11 12 13 14 15 16 17 18 19 20 21 22 23 24 25 26 27 28 29 * 31 32 33 34 35 36 37 38 39 * 41 42 43 
62 * 64 65 66 67 68 69 70 71 72 73 * 75 76 * 78 79 80 1 2 3 4 5 6 7 8 9 10 11 12 13 14 15 16 17 18 19 * 21 22 23 24 25 26 27 28 29 30 31 32 33 34 35 * * 38 39 40 41 42 43 44 45 46 47 48 49 50 51 52 53 54 * 56 57 58 59 60 61 
11 * 13 14 15 16 17 18 * 20 21 * 23 * 25 26 27 28 29 * 31 32 33 * 35 * 37 38 39 40 41 42 43 44 45 46 47 48 49 50 * 52 53 54 55 * * 58 59 60 61 62 63 64 65 66 67 68 69 70 71 72 73 74 75 76 77 * 79 80 1 2 * 4 5 6 7 8 9 10 
* 35 36 37 38 39 40 41 42 43 44 45 * 47 48 49 50 51 52 53 54 55 56 57 58 59 60 61 62 63 64 * 66 67 68 69 70 71 72 73 74 75 76 77 78 79 80 1 2 3 4 5 6 7 8 9 10 11 12 13 14 15 16 17 18 * 20 21 22 * 24 25 26 27 28 29 30 31 32 33 
55 56 57 58 59 60 61 62 * 64 65 * 67 * 69 70 71 72 * 74 75 * 77 78 79 80 1 2 3 4 5 6 7 8 9 * 11 * 13 14 15 16 17 18 19 20 21 22 * 24 25 26 27 28 29 * 31 32 33 34 35 36 37 38 39 40 41 * 43 44 45 46 47 48 * 50 51 52 53 54 
75 76 77 78 79 80 1 2 3 4 5 6 7 8 9 10 11 12 13 14 * 16 * 18 19 20 * 22 23 24 25 26 27 28 29 30 * 32 33 34 35 * 37 38 39 40 41 42 43 * 45 46 47 48 49 50 51 52 53 54 * 56 57 58 59 * 61 62 63 * 65 66 67 68 69 70 71 72 73 74 
12 13 14 15 16 17 18 19 20 21 22 23 24 25 * 27 28 * 30 31 32 33 34 * 36 37 38 39 * 41 42 * 44 * 46 47 48 49 50 51 52 53 54 55 * * 58 59 60 61 62 63 64 65 * 67 68 69 70 * 72 73 74 75 76 77 78 79 80 1 2 3 4 5 6 7 8 9 10 11 
22 23 24 25 26 27 28 29 30 31 * 33 34 35 36 37 38 39 40 41 42 43 * 45 * 47 48 49 50 51 52 * 54 55 56 57 58 59 60 61 62 63 64 65 66 67 68 69 70 71 72 73 74 75 76 77 78 79 80 1 2 3 4 5 6 7 8 9 10 11 12 13 14 15 16 17 18 19 20 21 
71 72 73 74 75 76 77 78 79 80 1 * 3 4 * 6 7 8 9 10 11 12 13 14 15 16 17 18 19 20 21 22 23 24 25 26 27 28 29 30 31 32 33 34 35 36 37 38 39 40 41 42 43 44 45 46 47 48 49 50 51 52 53 54 55 * 57 58 59 60 * 62 63 64 * 66 67 68 69 70 
8 9 10 11 12 * 14 15 * * 18 19 20 21 22 * 24 25 26 * 28 29 30 31 32 33 34 35 36 37 38 39 40 41 42 43 44 45 46 47 48 49 50 51 52 53 54 55 56 57 58 59 60 61 62 63 64 * 66 67 68 69 70 * 72 73 74 75 76 77 78 79 80 1 2 3 4 5 6 7 
32 33 34 35 36 37 38 39 40 41 42 43 44 45 46 47 48 49 50 51 52 53 54 55 56 57 58 59 60 61 62 63 64 65 66 67 * * 70 71 72 73 74 75 76 * 78 79 80 1 2 3 4 5 6 7 8 9 10 11 12 13 * 15 16 17 18 19 20 21 * 23 * 25 26 27 28 29 30 31 
16 17 18 19 20 21 22 * 24 25 26 27 * 29 * 31 * 33 34 35 36 * 38 39 40 41 42 43 44 45 46 47 48 49 * 51 52 53 54 55 56 57 * 59 60 61 62 63 64 65 66 67 68 69 70 71 72 73 74 75 76 77 78 79 80 1 2 3 4 5 6 * 8 9 * 11 12 13 14 15 
49 50 * 52 * 54 55 56 57 58 * 60 61 62 63 * 65 66 67 68 69 70 71 72 73 74 75 76 77 78 79 80 1 2 3 4 5 6 7 8 9 10 11 12 * 14 15 16 17 18 19 20 21 22 23 * 25 26 27 28 29 30 31 32 33 34 35 36 37 38 39 40 41 * 43 * 45 46 47 48 
* 14 15 16 17 18 19 20 21 22 23 24 25 26 27 28 29 30 31 * 33 34 35 36 37 38 39 40 41 42 43 44 45 46 47 48 49 50 51 52 53 54 55 56 57 58 59 60 61 * 63 64 65 66 67 68 69 70 71 72 73 74 75 76 77 78 79 80 1 2 3 4 5 6 7 8 9 10 11 12 
10 * 12 13 14 15 16 17 18 19 20 21 22 23 24 * 26 27 28 29 30 31 32 33 34 35 36 37 38 39 40 41 42 43 44 * 46 47 48 49 50 51 52 53 54 55 56 57 * * 60 61 62 63 64 65 66 * 68 69 70 71 72 73 74 75 76 77 78 79 80 1 2 3 4 5 6 7 8 9 
51 52 53 * 55 56 * 58 59 60 61 62 63 * 65 66 * 68 69 70 71 72 73 74 75 76 77 78 79 80 1 2 3 4 * 6 7 * * 10 * 12 13 14 15 16 17 18 19 20 21 22 * 24 25 26 27 28 * * * * 33 34 35 36 37 38 39 40 41 42 43 44 45 46 47 * 49 50 
6 * 8 9 10 * * 13 14 15 16 17 18 19 20 21 22 23 24 25 26 27 28 29 30 31 32 33 34 35 36 37 38 39 40 41 42 43 44 45 46 47 48 49 50 51 52 53 54 55 56 57 58 59 60 61 62 63 * 65 66 67 68 69 70 71 72 73 74 * 76 * 78 * 80 1 2 3 4 5 
14 15 16 17 18 * 20 21 22 23 24 25 26 27 28 29 30 31 32 33 34 35 36 37 38 39 40 41 42 43 * 45 46 47 48 49 50 51 52 53 54 55 56 57 58 59 60 61 * 63 64 65 66 67 68 69 * 71 72 73 74 75 76 77 78 79 80 1 2 3 4 5 6 7 * 9 10 11 12 13 
28 29 30 31 32 33 34 35 36 37 38 39 40 41 * 43 * 45 * * 48 49 50 51 52 * 54 55 56 57 58 59 60 61 62 63 * 65 66 67 68 69 70 71 72 73 * * 76 77 78 79 * 1 2 3 4 5 6 7 8 9 10 11 12 13 14 15 16 17 18 * 20 21 22 23 24 25 26 27 
* 2 3 4 5 6 7 8 9 10 11 12 13 14 15 * 17 18 19 20 21 22 23 24 25 26 27 28 29 30 31 32 33 34 35 36 37 * 39 40 41 42 * * 45 46 47 48 49 50 * 52 53 54 55 56 57 58 * 60 61 62 63 64 65 66 67 68 * 70 71 72 73 74 75 76 77 78 79 80 
79 80 1 2 3 4 5 6 * * 9 10 11 12 13 14 15 16 17 18 19 * * 22 23 24 25 26 27 28 29 30 31 32 33 34 * 36 37 38 39 40 41 42 43 44 45 46 47 48 49 50 51 52 53 * 55 56 57 * 59 60 61 62 63 64 65 66 67 68 69 70 71 72 73 74 75 76 77 78 
65 66 67 68 69 70 * 72 73 74 75 76 77 * 79 80 1 2 3 4 5 6 7 8 9 10 11 12 13 14 * 16 17 18 19 20 21 * 23 * 25 26 27 28 * 30 31 32 33 34 35 36 37 38 39 40 41 42 43 44 45 46 47 48 49 50 51 52 53 54 55 56 57 58 * 60 * 62 63 64 
42 43 44 45 46 47 48 49 50 51 52 53 54 55 * 57 * 59 60 61 62 * * 65 66 67 68 69 70 71 72 73 * 75 76 * 78 79 80 1 * 3 4 5 6 * 8 9 10 11 12 13 14 * 16 * 18 19 20 21 22 23 24 25 * 27 28 29 30 * 32 33 34 35 36 37 38 39 40 * 
72 73 74 75 76 77 78 79 80 1 2 3 4 5 6 7 8 9 10 * 12 13 14 15 * 17 18 19 20 21 22 23 24 25 26 27 28 29 30 31 32 33 34 35 36 37 38 39 40 41 42 43 44 45 46 47 48 * 50 51 * 53 54 55 56 57 58 59 60 61 * 63 64 65 66 67 68 * 70 71 
18 19 20 21 22 23 24 25 26 27 * 29 30 * * * 34 35 * 37 38 39 40 41 42 43 44 45 46 47 48 49 50 51 52 53 54 55 * 57 58 59 60 61 62 63 64 65 66 67 68 69 70 71 * 73 74 75 76 77 78 79 80 1 2 3 4 5 6 7 8 9 10 11 12 13 14 15 16 17 
80 1 2 3 4 * 6 7 8 9 10 11 12 13 * 15 16 17 18 19 20 21 22 23 24 25 26 27 28 29 30 31 32 33 * 35 36 37 38 39 40 41 42 43 44 45 46 47 48 49 50 51 52 53 54 55 56 57 58 59 60 61 62 63 64 65 66 67 68 69 70 71 72 73 74 75 * 77 78 79 
38 39 40 41 42 43 44 45 46 47 48 49 * 51 52 53 54 55 56 57 58 59 60 61 62 63 64 65 66 67 * 69 70 71 72 73 74 75 76 * 78 * * 1 2 3 4 * 6 7 8 9 10 11 12 * 14 15 16 17 18 19 20 21 22 23 24 25 26 27 28 29 30 * 32 33 34 35 36 37 
17 18 19 * 21 22 * 24 25 26 27 28 29 30 31 32 33 34 35 36 * 38 39 40 41 42 * 44 45 46 47 48 49 50 51 52 53 54 55 56 57 58 59 60 61 62 63 64 65 66 67 68 69 70 71 72 73 74 75 76 77 78 79 80 1 2 3 * * 6 7 * 9 10 * 12 13 * 15 16 
54 55 56 57 58 59 60 * 62 63 64 65 66 67 68 69 70 71 72 73 74 * 76 77 78 79 80 1 2 3 4 5 6 7 8 9 * 11 12 13 14 15 16 17 18 * * 21 22 23 24 25 26 27 28 29 * 31 32 33 34 35 36 37 38 39 40 41 42 43 * 45 46 47 48 49 50 51 52 53 
