2 3 4 5 6 7 8 9 * 11 12 13 * * 1 
12 13 14 15 1 2 3 4 * * * 8 9 10 11 
13 * * 1 * 3 4 5 6 7 8 9 10 11 12 
5 6 7 8 9 * * 12 13 * * 1 2 3 4 
* * 10 11 12 * 14 15 1 2 3 4 5 6 7 
11 12 * 14 15 * * 3 4 * 6 7 * * 10 
* 11 12 * 14 * 1 2 * * * 6 7 8 9 
6 7 8 9 * * 12 * * * 1 2 3 * 5 
3 4 5 6 7 8 9 10 11 12 13 * 15 1 2 
1 2 3 4 5 * 7 8 9 10 * 12 13 * * 
14 15 * 2 3 4 5 6 * 8 9 10 11 * * 
15 1 * 3 4 5 6 7 8 9 * 11 12 13 14 
4 5 6 7 8 * 10 * 12 13 * * 1 * 3 
9 10 11 12 * 14 15 * 2 3 4 5 6 7 8 
* * 9 10 11 12 13 14 15 * 2 3 4 * * 
