25 26 27 28 29 30 31 * * * * 4 5 6 * 8 * 10 11 12 13 14 15 16 17 18 19 20 * 22 23 24 
13 14 15 16 17 * 19 20 * 22 23 24 * 26 * 28 29 30 31 32 1 * 3 4 5 * 7 8 9 10 * 12 
24 25 26 27 28 29 30 31 32 1 2 3 4 5 6 7 8 9 * 11 12 13 14 15 16 17 18 19 * 21 22 * 
* 23 * 25 * 27 28 * 30 31 * 1 2 3 4 5 * 7 8 * 10 11 12 13 * * 16 17 * * 20 21 
32 1 2 3 4 * 6 * 8 9 10 11 12 13 * 15 16 17 18 19 20 21 22 23 24 25 26 27 28 29 30 31 
1 * 3 4 5 * 7 8 9 10 * 12 13 14 15 16 17 18 19 * 21 22 23 24 25 26 27 28 29 30 31 32 
27 * 29 30 31 32 1 2 3 4 5 6 7 8 9 10 11 12 * 14 15 16 17 18 19 20 21 22 23 24 25 26 
6 7 8 9 10 11 12 13 14 15 * 17 18 19 20 * 22 23 * * * 27 28 29 30 31 * 1 2 3 4 5 
26 27 28 29 30 * 32 1 2 * * 5 6 * 8 9 * * 12 13 14 * 16 17 18 19 20 21 22 23 24 25 
9 10 11 12 13 14 * 16 * 18 * * 21 22 23 24 25 * 27 28 29 30 31 * 1 2 3 4 5 6 7 8 
* 9 10 11 12 13 14 15 16 17 18 19 20 21 22 23 24 25 * * 28 29 30 31 32 1 2 3 4 5 6 7 
30 31 32 1 2 3 4 5 6 7 8 9 10 11 12 13 * 15 16 17 18 19 20 21 22 23 * 25 26 27 28 29 
* 20 21 * 23 * 25 26 27 28 29 * 31 * 1 2 3 4 5 * 7 * 9 10 11 12 13 14 15 16 17 18 
* * * 14 15 16 17 * 19 20 21 22 23 * 25 26 27 28 29 30 * 32 * 2 3 4 5 6 7 8 9 10 
4 5 6 7 * 9 10 11 12 13 * 15 16 17 18 19 20 21 22 * 24 25 26 * 28 29 30 31 * 1 * 3 
7 8 9 10 11 * 13 * 15 * 17 18 19 20 * 22 23 24 25 26 27 28 29 30 31 32 1 2 * * * 6 
29 30 * 32 1 * 3 4 5 6 7 8 9 * 11 12 13 * 15 16 * 18 19 20 21 22 23 24 25 26 * 28 
* 15 16 17 18 19 * 21 22 23 24 * 26 27 * 29 30 * 32 * 2 3 4 5 6 * 8 9 10 * 12 13 
28 29 30 31 32 1 * 3 4 5 6 7 8 9 10 * 12 13 * 15 * 17 * 19 20 21 22 23 24 25 * 27 
31 * 1 2 3 4 5 6 7 8 9 10 * 12 13 14 * 16 17 18 19 20 * 22 23 24 25 26 * 28 29 * 
12 * 14 15 16 17 * 19 * 21 22 23 24 25 26 27 28 29 30 31 32 1 2 3 4 5 6 7 8 * * 11 
* 3 * 5 6 * 8 9 10 * 12 13 14 15 16 17 18 19 20 * 22 23 * 25 26 27 28 * 30 31 32 1 
3 4 5 6 7 8 9 10 11 12 13 14 15 16 17 * 19 20 21 22 23 24 25 26 27 28 29 30 * 32 1 2 
21 22 23 24 * 26 27 * 29 30 31 32 1 2 3 4 5 6 7 8 9 10 11 * 13 14 * * 17 18 19 20 
18 * 20 21 * 23 24 25 * 27 28 * 30 31 * 1 2 * 4 * 6 7 8 * 10 11 12 13 * 15 * 17 
17 18 19 20 21 * 23 24 25 26 27 28 29 30 31 32 1 2 * 4 5 6 7 8 9 10 11 * 13 14 15 16 
5 6 7 8 9 * * 12 13 14 15 16 17 18 * 20 21 22 * 24 25 26 27 28 29 * 31 * 1 2 3 4 
20 21 22 23 24 * * 27 28 29 30 * 32 1 2 * 4 5 6 7 8 9 10 11 12 * 14 * * 17 18 19 
16 * 18 19 20 * 22 23 * 25 26 27 * 29 30 * 32 1 2 3 * 5 6 7 * 9 10 11 12 13 * 15 
10 11 12 13 14 15 16 17 18 19 20 21 22 * 24 * 26 27 * 29 30 31 32 1 2 * * 5 6 7 8 9 
23 24 * 26 27 28 29 30 31 32 1 2 3 * 5 * 7 8 * 10 11 * 13 * 15 16 17 18 * 20 21 22 
15 16 17 * 19 20 21 22 23 24 25 26 27 28 29 30 31 32 1 * 3 4 5 6 7 8 9 10 11 12 13 14 
