2 3 4 5 6 7 8 9 10 11 12 13 14 15 16 17 18 19 20 21 22 23 24 25 * 27 28 29 30 31 * 33 34 35 36 37 38 39 40 41 42 43 44 45 46 47 48 49 50 51 52 * 54 * 56 57 58 59 60 1 
36 37 38 39 40 41 42 43 44 45 46 47 48 49 50 * 52 53 54 * 56 57 58 * 60 1 2 3 4 5 6 7 8 9 10 11 12 13 14 15 16 * 18 19 20 21 22 23 24 25 26 27 28 29 * 31 32 33 34 35 
13 14 15 16 17 18 19 20 21 22 23 * 25 * 27 28 29 30 31 32 33 34 * 36 37 38 39 40 41 42 43 44 45 46 47 * 49 50 51 52 53 54 55 56 57 58 * * 1 2 3 4 5 6 7 8 9 10 11 12 
45 46 47 48 49 50 51 52 53 54 55 56 57 58 59 60 1 2 3 4 5 6 7 8 9 10 * 12 13 14 15 16 17 18 19 20 21 22 23 24 25 26 27 28 29 30 31 32 33 * 35 36 37 38 39 40 41 42 43 44 
21 22 23 24 * 26 27 28 29 30 31 32 33 34 35 * 37 38 39 40 41 42 43 44 45 * 47 48 49 50 51 52 53 54 55 56 57 * 59 60 1 2 3 4 5 6 7 * 9 10 11 12 13 14 15 * 17 18 19 20 
52 53 54 55 56 57 58 59 60 1 2 3 4 5 * 7 8 9 10 11 12 13 14 15 16 17 18 19 20 21 22 23 24 25 26 27 28 29 30 31 * 33 34 35 36 37 38 39 40 41 42 43 44 45 46 47 48 49 50 51 
8 9 10 * 12 13 14 15 * 17 * * 20 21 22 23 24 25 26 27 28 29 30 31 32 33 34 35 36 37 38 39 40 41 42 43 44 45 46 47 48 49 50 51 52 53 54 55 56 57 58 59 60 1 2 3 4 5 6 7 
50 51 52 53 54 55 56 57 58 59 60 1 2 * 4 5 6 7 8 9 10 * 12 * * 15 16 17 18 19 20 21 22 23 24 25 26 27 28 29 30 31 32 * 34 35 36 * * 39 40 41 * 43 44 45 46 47 48 49 
37 38 39 * 41 42 43 44 45 46 47 48 49 50 51 52 53 54 55 56 57 58 59 60 1 2 3 4 * * 7 8 9 10 * 12 * 14 15 16 17 18 19 20 21 22 23 24 25 26 27 28 29 30 31 32 33 34 * 36 
10 11 12 13 14 15 16 17 18 * 20 21 22 23 24 25 26 27 28 * 30 * 32 33 34 * 36 37 38 39 40 41 42 43 44 45 46 47 48 49 50 51 52 53 * * 56 57 58 59 60 1 2 3 4 5 6 7 8 9 
56 57 58 59 * 1 * 3 4 5 6 7 8 9 10 11 12 13 14 15 16 17 * 19 20 21 22 23 24 25 26 * 28 29 30 31 32 33 34 35 36 37 38 39 40 41 42 43 44 45 46 47 48 49 50 51 52 53 54 55 
54 55 56 57 58 59 60 1 2 3 4 5 6 7 8 9 10 11 12 13 14 15 * 17 18 * 20 21 22 23 24 25 26 27 28 * 30 31 32 33 34 35 36 37 * 39 40 41 42 * 44 * 46 47 48 49 50 51 52 53 
16 17 18 19 20 21 22 23 24 25 26 * 28 29 30 31 * 33 34 35 36 37 38 39 40 41 42 43 44 45 46 47 48 49 50 * 52 53 54 55 56 57 * 59 60 1 2 * 4 5 6 7 8 * 10 11 12 13 14 15 
18 19 20 21 22 23 24 25 26 27 28 29 30 31 32 33 34 35 36 37 38 39 40 41 42 43 44 * 46 47 48 * 50 51 52 * 54 55 56 57 * 59 60 1 2 3 4 5 6 7 * 9 10 11 12 13 14 15 * 17 
28 29 30 31 32 * 34 35 36 37 38 39 40 41 42 43 44 45 46 47 48 49 50 * * 53 54 55 56 * 58 59 60 * 2 * 4 5 6 7 8 9 10 11 12 13 14 15 16 17 18 * 20 21 22 23 24 25 * 27 
26 27 28 29 * 31 32 33 34 35 36 * * * 40 41 42 43 44 45 46 47 48 49 50 51 52 53 54 55 56 57 58 59 60 1 2 3 4 5 * 7 8 * 10 11 12 13 14 15 16 17 18 19 20 21 22 23 24 25 
58 59 60 1 2 3 * 5 6 7 8 9 10 11 12 * 14 15 16 17 18 19 20 21 22 23 24 25 26 27 28 29 30 31 32 * 34 35 36 37 38 39 40 41 42 43 44 45 46 47 48 49 50 51 52 53 * 55 56 57 
30 31 32 * 34 35 36 37 38 39 40 41 42 43 44 45 46 47 * 49 50 51 52 53 54 55 56 57 58 59 60 1 2 3 4 5 6 * 8 9 10 11 12 13 14 15 16 17 18 19 20 21 22 23 24 25 26 27 28 29 
24 25 26 27 28 29 30 * 32 33 34 35 36 37 * 39 40 41 42 43 44 45 46 47 48 49 50 * 52 53 54 55 56 57 58 59 60 1 2 3 4 5 * 7 8 9 10 11 12 13 14 15 16 17 * 19 20 21 * 23 
23 24 25 26 27 28 * 30 * 32 33 34 35 36 37 * 39 40 41 42 43 44 45 46 47 48 49 * 51 52 53 54 55 56 57 58 59 60 1 2 3 4 5 6 7 8 9 10 11 12 13 14 15 16 17 18 19 20 21 22 
14 15 16 17 18 19 20 * 22 23 24 25 * 27 28 29 30 31 * 33 34 35 36 37 38 39 40 * 42 43 44 45 46 47 48 49 50 51 52 53 54 55 56 57 58 59 60 1 2 3 4 5 6 7 8 9 10 11 12 13 
32 33 34 35 36 * 38 39 40 41 * * 44 45 46 47 48 49 50 51 52 53 54 55 56 57 * 59 * 1 2 3 4 * * 7 8 9 10 11 12 13 14 15 16 17 18 19 * 21 22 23 24 25 26 27 28 29 30 31 
27 * 29 30 31 32 * 34 35 36 37 38 39 40 41 42 43 44 45 46 47 48 49 50 51 52 53 54 55 * 57 58 59 * * 2 3 4 5 6 7 8 9 10 11 12 13 14 15 16 17 18 19 20 21 22 23 24 25 26 
5 6 7 8 9 * 11 12 * 14 15 16 17 18 19 * * 22 23 24 25 26 27 * 29 30 31 32 33 34 35 36 * 38 39 40 41 42 43 44 45 46 47 48 49 50 51 * 53 54 55 56 57 58 59 60 1 2 3 4 
48 49 50 * 52 53 54 55 56 57 58 59 60 1 2 3 4 5 6 7 * 9 10 11 * 13 14 15 16 17 18 19 20 21 22 23 24 25 26 27 * 29 * 31 32 33 34 35 * 37 38 39 * 41 42 43 44 45 46 47 
39 40 41 42 43 44 45 46 47 48 49 50 51 52 53 54 55 56 57 58 59 60 1 * 3 4 5 6 7 8 9 10 11 12 * 14 * 16 17 18 19 20 21 22 23 24 25 26 * 28 29 30 31 32 33 34 * 36 * 38 
17 18 19 20 21 22 23 24 25 26 27 28 29 30 31 32 33 34 35 36 37 38 39 40 41 * 43 44 45 46 47 * 49 50 51 52 53 54 55 56 57 58 * 60 1 * 3 4 5 6 7 8 9 10 11 12 13 14 15 16 
1 2 3 4 5 6 * 8 9 10 11 12 * 14 15 16 * 18 19 * 21 22 23 24 25 * 27 28 29 30 31 32 33 34 35 36 37 38 39 40 41 42 43 * 45 46 47 48 49 * 51 52 * 54 55 56 * 58 59 60 
55 56 57 58 59 60 1 2 3 4 5 6 7 8 * 10 11 12 13 14 15 16 17 * 19 * 21 * 23 24 * 26 27 28 29 30 31 32 33 34 35 36 37 38 39 40 41 42 43 44 45 46 47 48 49 50 * 52 53 54 
* 5 6 7 8 9 10 11 12 13 14 15 16 17 18 * 20 21 22 23 24 25 26 27 28 29 30 31 32 33 34 35 36 37 38 39 40 41 42 43 44 45 46 47 48 49 50 51 52 53 54 55 56 57 58 59 60 1 2 3 
15 16 17 18 19 20 21 * 23 24 25 26 27 28 29 30 31 * 33 34 35 36 * * * 40 41 42 43 44 45 46 47 48 49 50 51 * 53 54 55 56 57 58 59 60 1 2 3 4 5 6 * 8 9 10 11 * 13 14 
41 42 43 44 45 46 47 48 49 50 51 52 53 54 55 56 57 58 59 60 1 2 3 4 * 6 7 8 9 10 11 12 13 14 15 16 17 18 19 20 21 * 23 24 25 26 27 * * 30 31 32 33 34 * 36 37 38 39 40 
20 21 22 23 24 25 26 27 28 29 30 * 32 33 34 35 36 37 38 39 40 41 42 43 44 45 46 47 48 49 50 51 52 53 54 55 56 57 * 59 60 1 * 3 4 5 6 7 8 9 * 11 12 13 14 15 * 17 18 19 
31 32 33 34 35 36 37 * * 40 41 42 43 44 45 46 47 * 49 50 51 52 53 54 55 56 57 58 59 * * 2 3 4 5 6 7 8 9 10 11 12 13 * 15 16 17 18 19 20 21 22 23 * 25 * * 28 29 * 
35 36 37 38 39 40 41 42 43 44 45 46 47 48 49 50 51 52 53 * 55 56 57 58 59 60 1 2 3 4 5 6 7 8 9 10 11 12 13 14 15 16 17 * 19 * 21 22 23 24 25 26 27 28 29 30 31 32 33 34 
59 60 1 2 3 * 5 6 * 8 9 10 11 * 13 14 * * * 18 19 20 21 22 23 24 25 26 27 28 29 30 31 32 33 34 35 36 37 * 39 40 * 42 43 44 45 46 47 48 49 50 51 52 53 54 55 56 57 58 
53 54 * 56 57 58 59 60 1 2 3 4 5 6 7 8 9 10 11 12 13 14 15 16 17 18 19 20 21 22 23 24 25 26 27 28 29 * 31 32 33 34 35 36 * 38 39 40 * * 43 44 45 46 47 48 49 50 51 52 
* 48 49 50 * * 53 54 55 * 57 58 59 60 1 2 3 4 5 6 7 8 9 10 11 12 13 14 15 16 17 18 19 20 21 22 23 24 25 26 27 * 29 30 31 32 33 34 35 36 37 38 39 * 41 42 43 44 45 * 
* 47 48 49 50 * 52 * * 55 56 * 58 59 60 1 2 3 4 * 6 7 8 9 10 11 12 13 14 15 16 * 18 19 20 21 22 23 24 25 26 27 28 29 30 31 32 * 34 35 36 37 * 39 40 41 42 43 44 45 
40 * 42 43 44 45 46 47 48 49 50 51 52 53 54 55 56 57 58 59 * 1 2 3 4 5 6 7 8 9 10 11 12 13 * 15 16 17 18 19 * 21 * 23 24 25 26 27 28 29 30 31 32 33 34 35 36 37 38 39 
12 13 14 15 16 17 18 19 * 21 22 * 24 25 26 27 28 29 30 31 * 33 34 35 36 37 38 * 40 41 42 43 44 45 * 47 48 49 50 51 52 53 54 55 56 57 58 59 * * 2 3 4 5 6 7 8 9 10 11 
49 50 51 52 53 54 55 56 57 58 59 60 1 2 3 4 5 * 7 8 9 10 11 12 * 14 15 16 17 18 19 20 21 22 23 24 25 26 27 28 29 30 31 32 33 34 35 36 37 38 * 40 41 42 43 44 45 46 47 48 
11 12 13 14 15 * 17 18 19 20 21 22 23 24 25 26 27 28 29 30 31 32 33 34 35 36 37 38 39 40 41 42 43 44 45 46 * 48 49 50 51 52 53 54 55 56 57 58 59 60 1 2 3 4 5 6 7 8 9 10 
19 20 21 22 23 24 25 26 27 28 29 * 31 * 33 34 35 36 * 38 39 40 41 42 43 44 45 46 47 48 49 50 * * 53 54 55 56 57 58 59 60 1 2 3 4 5 6 7 8 9 10 11 12 * 14 15 16 17 18 
33 34 35 36 37 38 39 40 41 42 * 44 45 46 47 48 49 50 51 52 53 54 55 56 57 58 59 60 1 2 3 4 5 6 7 * 9 10 11 12 13 14 * 16 17 18 19 20 21 22 23 24 25 26 27 28 29 30 31 32 
60 1 2 3 4 5 6 7 8 9 10 11 12 * 14 * 16 17 18 19 20 21 22 23 24 25 26 * 28 29 30 31 32 33 34 35 36 37 38 * 40 41 42 43 44 45 46 47 48 49 50 * 52 53 54 55 56 57 58 59 
57 58 * 60 1 2 3 4 5 6 7 8 9 10 11 12 13 14 15 16 17 * 19 20 * 22 23 * 25 26 27 28 29 30 * 32 33 34 35 36 37 38 * 40 41 42 43 44 45 46 47 48 49 50 51 * 53 54 55 56 
38 39 40 41 42 43 44 45 46 47 48 * 50 51 52 53 54 55 56 57 58 59 60 1 2 3 4 5 6 7 8 9 10 11 12 * 14 15 16 17 * 19 20 21 22 23 24 25 26 * 28 29 30 31 32 33 34 35 36 * 
43 44 45 46 47 48 49 50 51 52 53 54 55 56 57 58 59 60 1 2 * 4 5 6 7 8 9 10 11 12 13 14 * 16 * * 19 20 * 22 23 24 25 26 27 28 29 30 31 32 33 34 35 36 37 * 39 * 41 42 
* 52 53 54 55 56 * 58 59 60 1 2 3 4 5 * 7 8 9 10 11 12 13 14 15 16 17 18 * 20 21 22 23 * 25 26 27 28 * 30 31 32 33 34 35 36 * 38 39 40 41 42 43 44 * 46 47 48 49 50 
3 4 5 6 7 8 9 10 11 * 13 14 15 16 17 18 19 * 21 22 23 24 25 26 27 28 29 30 31 32 33 34 35 36 37 38 39 40 41 * 43 44 45 46 47 48 49 50 51 52 53 54 55 56 57 58 59 60 1 2 
44 45 46 47 48 49 50 51 * 53 54 55 56 57 58 59 60 1 2 3 4 5 6 * 8 * * 11 12 13 14 15 16 17 18 19 20 21 22 23 24 25 26 27 28 29 30 31 * 33 34 * 36 * 38 39 40 41 42 43 
34 35 36 37 38 39 40 41 42 43 44 45 46 47 48 49 50 51 52 53 54 55 56 * 58 59 60 1 2 3 4 5 6 7 8 9 10 11 12 13 14 15 16 17 18 19 20 21 22 23 24 25 26 27 * 29 30 31 * 33 
9 10 11 12 13 14 * 16 * 18 19 20 21 22 23 24 25 * 27 28 29 * 31 32 * 34 35 36 37 38 39 * 41 * 43 * 45 46 47 * 49 50 51 52 53 54 55 56 57 58 59 60 1 2 3 4 5 6 7 8 
29 30 31 32 * 34 35 * 37 38 * 40 41 42 43 44 45 46 47 48 49 50 51 52 53 * 55 56 * 58 * 60 * 2 3 4 5 6 7 8 9 10 11 12 13 14 15 16 17 18 19 20 * 22 23 24 25 26 27 28 
* * 9 10 11 12 13 14 15 16 17 18 19 20 21 22 23 24 25 26 27 28 29 30 31 32 33 * 35 36 37 38 39 40 41 * 43 44 45 46 47 48 49 50 51 52 * 54 55 * 57 58 59 60 1 2 3 4 5 6 
22 23 24 25 * 27 28 29 30 31 32 * 34 35 36 37 38 39 40 * 42 43 * 45 46 47 48 49 * 51 52 53 54 55 56 57 58 59 * * 2 3 4 5 6 * 8 9 10 * 12 13 14 15 16 17 18 19 20 * 
25 26 * 28 29 30 31 32 33 34 35 36 37 38 39 40 41 42 43 44 45 * 47 48 49 50 51 52 * 54 55 56 57 58 59 60 1 2 3 4 5 6 7 8 9 * 11 12 13 14 15 16 17 18 19 20 21 22 23 24 
42 43 44 45 46 47 48 49 50 51 52 53 * 55 56 57 58 59 60 1 2 3 4 5 * 7 8 9 10 11 12 13 14 * 16 17 18 * 20 21 22 23 24 25 26 * 28 29 30 31 32 * 34 35 36 37 38 39 40 41 
6 7 8 9 10 11 12 13 14 15 16 17 * 19 20 21 22 23 * 25 26 27 28 29 30 * 32 33 34 35 36 37 38 39 40 41 * 43 44 45 * 47 48 49 50 51 52 53 54 55 56 57 58 59 * 1 * 3 4 5 
