352 352 2 7 6
0 313 313 0.5 0.5
1 314 313 0.5 0.5
2 315 313 0.5 0.5
3 316 313 0.5 0.5
4 317 313 0.5 0.5
5 318 313 0.5 0.5
6 319 313 0.5 0.5
7 320 313 0.5 0.5
8 321 313 0.5 0.5
9 322 313 0.5 0.5
10 323 313 0.5 0.5
11 324 313 0.5 0.5
12 325 313 0.5 0.5
13 326 313 0.5 0.5
14 327 313 0.5 0.5
15 328 313 0.5 0.5
16 329 313 0.5 0.5
17 330 313 0.5 0.5
18 331 313 0.5 0.5
19 332 313 0.5 0.5
20 333 313 0.5 0.5
21 334 313 0.5 0.5
22 335 313 0.5 0.5
23 336 313 0.5 0.5
24 337 313 0.5 0.5
25 338 313 0.5 0.5
26 339 313 0.5 0.5
27 340 313 0.5 0.5
28 341 313 0.5 0.5
29 342 313 0.5 0.5
30 343 313 0.5 0.5
31 344 313 0.5 0.5
32 345 313 0.5 0.5
33 346 313 0.5 0.5
34 347 313 0.5 0.5
35 348 313 0.5 0.5
36 349 313 0.5 0.5
37 350 313 0.5 0.5
38 351 313 0.5 0.5
39 0 39 0.5 0.5
40 1 39 0.5 0.5
41 2 39 0.5 0.5
42 3 39 0.5 0.5
43 4 39 0.5 0.5
44 5 39 0.5 0.5
45 6 39 0.5 0.5
46 7 39 0.5 0.5
47 8 39 0.5 0.5
48 9 39 0.5 0.5
49 10 39 0.5 0.5
50 11 39 0.5 0.5
51 12 39 0.5 0.5
52 13 39 0.5 0.5
53 14 39 0.5 0.5
54 15 39 0.5 0.5
55 16 39 0.5 0.5
56 17 39 0.5 0.5
57 18 39 0.5 0.5
58 19 39 0.5 0.5
59 20 39 0.5 0.5
60 21 39 0.5 0.5
61 22 39 0.5 0.5
62 23 39 0.5 0.5
63 24 39 0.5 0.5
64 25 39 0.5 0.5
65 26 39 0.5 0.5
66 27 39 0.5 0.5
67 28 39 0.5 0.5
68 29 39 0.5 0.5
69 30 39 0.5 0.5
70 31 39 0.5 0.5
71 32 39 0.5 0.5
72 33 39 0.5 0.5
73 34 39 0.5 0.5
74 35 39 0.5 0.5
75 36 39 0.5 0.5
76 37 39 0.5 0.5
77 38 39 0.5 0.5
78 39 39 0.5 0.5
79 40 39 0.5 0.5
80 41 39 0.5 0.5
81 42 39 0.5 0.5
82 43 39 0.5 0.5
83 44 39 0.5 0.5
84 45 39 0.5 0.5
85 46 39 0.5 0.5
86 47 39 0.5 0.5
87 48 39 0.5 0.5
88 49 39 0.5 0.5
89 50 39 0.5 0.5
90 51 39 0.5 0.5
91 52 39 0.5 0.5
92 53 39 0.5 0.5
93 54 39 0.5 0.5
94 55 39 0.5 0.5
95 56 39 0.5 0.5
96 57 39 0.5 0.5
97 58 39 0.5 0.5
98 59 39 0.5 0.5
99 60 39 0.5 0.5
100 61 39 0.5 0.5
101 62 39 0.5 0.5
102 63 39 0.5 0.5
103 64 39 0.5 0.5
104 65 39 0.5 0.5
105 66 39 0.5 0.5
106 67 39 0.5 0.5
107 68 39 0.5 0.5
108 69 39 0.5 0.5
109 70 39 0.5 0.5
110 71 39 0.5 0.5
111 72 39 0.5 0.5
112 73 39 0.5 0.5
113 74 39 0.5 0.5
114 75 39 0.5 0.5
115 76 39 0.5 0.5
116 77 39 0.5 0.5
117 78 39 0.5 0.5
118 79 39 0.5 0.5
119 80 39 0.5 0.5
120 81 39 0.5 0.5
121 82 39 0.5 0.5
122 83 39 0.5 0.5
123 84 39 0.5 0.5
124 85 39 0.5 0.5
125 86 39 0.5 0.5
126 87 39 0.5 0.5
127 88 39 0.5 0.5
128 89 39 0.5 0.5
129 90 39 0.5 0.5
130 91 39 0.5 0.5
131 92 39 0.5 0.5
132 93 39 0.5 0.5
133 94 39 0.5 0.5
134 95 39 0.5 0.5
135 96 39 0.5 0.5
136 97 39 0.5 0.5
137 98 39 0.5 0.5
138 99 39 0.5 0.5
139 100 39 0.5 0.5
140 101 39 0.5 0.5
141 102 39 0.5 0.5
142 103 39 0.5 0.5
143 104 39 0.5 0.5
144 105 39 0.5 0.5
145 106 39 0.5 0.5
146 107 39 0.5 0.5
147 108 39 0.5 0.5
148 109 39 0.5 0.5
149 110 39 0.5 0.5
150 111 39 0.5 0.5
151 112 39 0.5 0.5
152 113 39 0.5 0.5
153 114 39 0.5 0.5
154 115 39 0.5 0.5
155 116 39 0.5 0.5
156 117 39 0.5 0.5
157 118 39 0.5 0.5
158 119 39 0.5 0.5
159 120 39 0.5 0.5
160 121 39 0.5 0.5
161 122 39 0.5 0.5
162 123 39 0.5 0.5
163 124 39 0.5 0.5
164 125 39 0.5 0.5
165 126 39 0.5 0.5
166 127 39 0.5 0.5
167 128 39 0.5 0.5
168 129 39 0.5 0.5
169 130 39 0.5 0.5
170 131 39 0.5 0.5
171 132 39 0.5 0.5
172 133 39 0.5 0.5
173 134 39 0.5 0.5
174 135 39 0.5 0.5
175 136 39 0.5 0.5
176 137 39 0.5 0.5
177 138 39 0.5 0.5
178 139 39 0.5 0.5
179 140 39 0.5 0.5
180 141 39 0.5 0.5
181 142 39 0.5 0.5
182 143 39 0.5 0.5
183 144 39 0.5 0.5
184 145 39 0.5 0.5
185 146 39 0.5 0.5
186 147 39 0.5 0.5
187 148 39 0.5 0.5
188 149 39 0.5 0.5
189 150 39 0.5 0.5
190 151 39 0.5 0.5
191 152 39 0.5 0.5
192 153 39 0.5 0.5
193 154 39 0.5 0.5
194 155 39 0.5 0.5
195 156 39 0.5 0.5
196 157 39 0.5 0.5
197 158 39 0.5 0.5
198 159 39 0.5 0.5
199 160 39 0.5 0.5
200 161 39 0.5 0.5
201 162 39 0.5 0.5
202 163 39 0.5 0.5
203 164 39 0.5 0.5
204 165 39 0.5 0.5
205 166 39 0.5 0.5
206 167 39 0.5 0.5
207 168 39 0.5 0.5
208 169 39 0.5 0.5
209 170 39 0.5 0.5
210 171 39 0.5 0.5
211 172 39 0.5 0.5
212 173 39 0.5 0.5
213 174 39 0.5 0.5
214 175 39 0.5 0.5
215 176 39 0.5 0.5
216 177 39 0.5 0.5
217 178 39 0.5 0.5
218 179 39 0.5 0.5
219 180 39 0.5 0.5
220 181 39 0.5 0.5
221 182 39 0.5 0.5
222 183 39 0.5 0.5
223 184 39 0.5 0.5
224 185 39 0.5 0.5
225 186 39 0.5 0.5
226 187 39 0.5 0.5
227 188 39 0.5 0.5
228 189 39 0.5 0.5
229 190 39 0.5 0.5
230 191 39 0.5 0.5
231 192 39 0.5 0.5
232 193 39 0.5 0.5
233 194 39 0.5 0.5
234 195 39 0.5 0.5
235 196 39 0.5 0.5
236 197 39 0.5 0.5
237 198 39 0.5 0.5
238 199 39 0.5 0.5
239 200 39 0.5 0.5
240 201 39 0.5 0.5
241 202 39 0.5 0.5
242 203 39 0.5 0.5
243 204 39 0.5 0.5
244 205 39 0.5 0.5
245 206 39 0.5 0.5
246 207 39 0.5 0.5
247 208 39 0.5 0.5
248 209 39 0.5 0.5
249 210 39 0.5 0.5
250 211 39 0.5 0.5
251 212 39 0.5 0.5
252 213 39 0.5 0.5
253 214 39 0.5 0.5
254 215 39 0.5 0.5
255 216 39 0.5 0.5
256 217 39 0.5 0.5
257 218 39 0.5 0.5
258 219 39 0.5 0.5
259 220 39 0.5 0.5
260 221 39 0.5 0.5
261 222 39 0.5 0.5
262 223 39 0.5 0.5
263 224 39 0.5 0.5
264 225 39 0.5 0.5
265 226 39 0.5 0.5
266 227 39 0.5 0.5
267 228 39 0.5 0.5
268 229 39 0.5 0.5
269 230 39 0.5 0.5
270 231 39 0.5 0.5
271 232 39 0.5 0.5
272 233 39 0.5 0.5
273 234 39 0.5 0.5
274 235 39 0.5 0.5
275 236 39 0.5 0.5
276 237 39 0.5 0.5
277 238 39 0.5 0.5
278 239 39 0.5 0.5
279 240 39 0.5 0.5
280 241 39 0.5 0.5
281 242 39 0.5 0.5
282 243 39 0.5 0.5
283 244 39 0.5 0.5
284 245 39 0.5 0.5
285 246 39 0.5 0.5
286 247 39 0.5 0.5
287 248 39 0.5 0.5
288 249 39 0.5 0.5
289 250 39 0.5 0.5
290 251 39 0.5 0.5
291 252 39 0.5 0.5
292 253 39 0.5 0.5
293 254 39 0.5 0.5
294 255 39 0.5 0.5
295 256 39 0.5 0.5
296 257 39 0.5 0.5
297 258 39 0.5 0.5
298 259 39 0.5 0.5
299 260 39 0.5 0.5
300 261 39 0.5 0.5
301 262 39 0.5 0.5
302 263 39 0.5 0.5
303 264 39 0.5 0.5
304 265 39 0.5 0.5
305 266 39 0.5 0.5
306 267 39 0.5 0.5
307 268 39 0.5 0.5
308 269 39 0.5 0.5
309 270 39 0.5 0.5
310 271 39 0.5 0.5
311 272 39 0.5 0.5
312 273 39 0.5 0.5
313 274 39 0.5 0.5
314 275 39 0.5 0.5
315 276 39 0.5 0.5
316 277 39 0.5 0.5
317 278 39 0.5 0.5
318 279 39 0.5 0.5
319 280 39 0.5 0.5
320 281 39 0.5 0.5
321 282 39 0.5 0.5
322 283 39 0.5 0.5
323 284 39 0.5 0.5
324 285 39 0.5 0.5
325 286 39 0.5 0.5
326 287 39 0.5 0.5
327 288 39 0.5 0.5
328 289 39 0.5 0.5
329 290 39 0.5 0.5
330 291 39 0.5 0.5
331 292 39 0.5 0.5
332 293 39 0.5 0.5
333 294 39 0.5 0.5
334 295 39 0.5 0.5
335 296 39 0.5 0.5
336 297 39 0.5 0.5
337 298 39 0.5 0.5
338 299 39 0.5 0.5
339 300 39 0.5 0.5
340 301 39 0.5 0.5
341 302 39 0.5 0.5
342 303 39 0.5 0.5
343 304 39 0.5 0.5
344 305 39 0.5 0.5
345 306 39 0.5 0.5
346 307 39 0.5 0.5
347 308 39 0.5 0.5
348 309 39 0.5 0.5
349 310 39 0.5 0.5
350 311 39 0.5 0.5
351 312 39 0.5 0.5
