2 3 4 5 6 7 8 9 10 11 12 13 14 15 1 
12 13 14 15 1 2 3 4 5 6 7 8 9 10 11 
13 14 15 1 2 3 4 5 6 7 8 9 10 11 12 
5 6 7 8 9 10 11 12 13 14 15 1 2 3 4 
8 9 10 11 12 13 14 15 1 2 3 4 5 6 7 
11 12 13 14 15 1 2 3 4 5 6 7 8 9 10 
10 11 12 13 14 15 1 2 3 4 5 6 7 8 9 
6 7 8 9 10 11 12 13 14 15 1 2 3 4 5 
3 4 5 6 7 8 9 10 11 12 13 14 15 1 2 
1 2 3 4 5 6 7 8 9 10 11 12 13 14 15 
14 15 1 2 3 4 5 6 7 8 9 10 11 12 13 
15 1 2 3 4 5 6 7 8 9 10 11 12 13 14 
4 5 6 7 8 9 10 11 12 13 14 15 1 2 3 
9 10 11 12 13 14 15 1 2 3 4 5 6 7 8 
7 8 9 10 11 12 13 14 15 1 2 3 4 5 6 
